# wavelength_(/cm) continuum_(mJy)
2.5004799 0.161612710
2.5014839 0.162545710
2.5024879 0.163476570
2.5034921 0.164405530
2.5044961 0.165332140
2.5055001 0.166256630
2.5065041 0.167179000
2.5075080 0.168099260
2.5085120 0.169017420
2.5095160 0.169933470
2.5105200 0.170847420
2.5115240 0.171759270
2.5125279 0.172669040
2.5135319 0.173576710
2.5145359 0.174482300
2.5155399 0.175385820
2.5165441 0.176287470
2.5175481 0.177186830
2.5185521 0.178084130
2.5195560 0.178979360
2.5205600 0.179872540
2.5215640 0.180763650
2.5225680 0.181652720
2.5235720 0.182539740
2.5245759 0.183424710
2.5255799 0.184307650
2.5265839 0.185188550
2.5275879 0.186067420
2.5285921 0.186944470
2.5295961 0.187819280
2.5306001 0.188692080
2.5316041 0.189562860
2.5326080 0.190431630
2.5336120 0.191298390
2.5346160 0.192163150
2.5356200 0.193025900
2.5366240 0.193886660
2.5376279 0.194745430
2.5386319 0.195602210
2.5396359 0.196457000
2.5406401 0.197310020
2.5416441 0.198160860
2.5426481 0.199009720
2.5436521 0.199856620
2.5446560 0.200701550
2.5456600 0.201544520
2.5466640 0.202385530
2.5476680 0.203224580
2.5486720 0.204061690
2.5496759 0.204896860
2.5506799 0.205730080
2.5516839 0.206561360
2.5526879 0.207390710
2.5536921 0.208218320
2.5546961 0.209043810
2.5557001 0.209867380
2.5567040 0.210689030
2.5577080 0.211508760
2.5587120 0.212326590
2.5597160 0.213142500
2.5607200 0.213956510
2.5617239 0.214768620
2.5627279 0.215578840
2.5637319 0.216387160
2.5647359 0.217193600
2.5657401 0.217998340
2.5667441 0.218801010
2.5677481 0.219601800
2.5687521 0.220400720
2.5697560 0.221197760
2.5707600 0.221992950
2.5717640 0.222786270
2.5727680 0.223577730
2.5737720 0.224367330
2.5747759 0.225155090
2.5757799 0.225941000
2.5767839 0.226725060
2.5777881 0.227507470
2.5787921 0.228287860
2.5797961 0.229066420
2.5808001 0.229843140
2.5818040 0.230618040
2.5828080 0.231391130
2.5838120 0.232162390
2.5848160 0.232931840
2.5858200 0.233699480
2.5868239 0.234465310
2.5878279 0.235229340
2.5888319 0.235991570
2.5898359 0.236752000
2.5908401 0.237510820
2.5918441 0.238267680
2.5928481 0.239022740
2.5938520 0.239776030
2.5948560 0.240527540
2.5958600 0.241277280
2.5968640 0.242025250
2.5978680 0.242771440
2.5988719 0.243515880
2.5998759 0.244258560
2.6008799 0.244999480
2.6018839 0.245738650
2.6028881 0.246476250
2.6038921 0.247211920
2.6048961 0.247945850
2.6059000 0.248678050
2.6069040 0.249408510
2.6079080 0.250137240
2.6089120 0.250864250
2.6099160 0.251589530
2.6109200 0.252313090
2.6119239 0.253034940
2.6129279 0.253755070
2.6139319 0.254473490
2.6149361 0.255190380
2.6159401 0.255905390
2.6169441 0.256618700
2.6179481 0.257330320
2.6189520 0.258040250
2.6199560 0.258748490
2.6209600 0.259455050
2.6219640 0.260159920
2.6229680 0.260863120
2.6239719 0.261564640
2.6249759 0.262264490
2.6259799 0.262962680
2.6269839 0.263659200
2.6279881 0.264354220
2.6289921 0.265047430
2.6299961 0.265738980
2.6310000 0.266428880
2.6320040 0.267117130
2.6330080 0.267803740
2.6340120 0.268488710
2.6350160 0.269172050
2.6360199 0.269853750
2.6370239 0.270533830
2.6380279 0.271212270
2.6390319 0.271889100
2.6400361 0.272564470
2.6410401 0.273238060
2.6420441 0.273910030
2.6430480 0.274580400
2.6440520 0.275249170
2.6450560 0.275916330
2.6460600 0.276581900
2.6470640 0.277245860
2.6480680 0.277908240
2.6490719 0.278569030
2.6500759 0.279228230
2.6510799 0.279885860
2.6520841 0.280542060
2.6530881 0.281196530
2.6540921 0.281849420
2.6550961 0.282500750
2.6561000 0.283150520
2.6571040 0.283798720
2.6581080 0.284445360
2.6591120 0.285090450
2.6601160 0.285733990
2.6611199 0.286375980
2.6621239 0.287016420
2.6631279 0.287655330
2.6641321 0.288292840
2.6651361 0.288928670
2.6661401 0.289562970
2.6671441 0.290195740
2.6681480 0.290826980
2.6691520 0.291456710
2.6701560 0.292084910
2.6711600 0.292711600
2.6721640 0.293336780
2.6731679 0.293960440
2.6741719 0.294582610
2.6751759 0.295203270
2.6761799 0.295822430
2.6771841 0.296440240
2.6781881 0.297056410
2.6791921 0.297671090
2.6801960 0.298284290
2.6812000 0.298896010
2.6822040 0.299506240
2.6832080 0.300115000
2.6842120 0.300722290
2.6852160 0.301328100
2.6862199 0.301932450
2.6872239 0.302535330
2.6882279 0.303136760
2.6892321 0.303736870
2.6902361 0.304335380
2.6912401 0.304932440
2.6922441 0.305528060
2.6932480 0.306122230
2.6942520 0.306714960
2.6952560 0.307306250
2.6962600 0.307896110
2.6972640 0.308484530
2.6982679 0.309071530
2.6992719 0.309657100
2.7002759 0.310241240
2.7012801 0.310824110
2.7022841 0.311405420
2.7032881 0.311985320
2.7042921 0.312563810
2.7052960 0.313140890
2.7063000 0.313716570
2.7073040 0.314290850
2.7083080 0.314863730
2.7093120 0.315435220
2.7103159 0.316005310
2.7113199 0.316574020
2.7123239 0.317141340
2.7133279 0.317707280
2.7143321 0.318271980
2.7153361 0.318835160
2.7163401 0.319396980
2.7173440 0.319957420
2.7183480 0.320516490
2.7193520 0.321074210
2.7203560 0.321630560
2.7213600 0.322185550
2.7223639 0.322739200
2.7233679 0.323291480
2.7243719 0.323842420
2.7253759 0.324392020
2.7263801 0.324940400
2.7273841 0.325487320
2.7283881 0.326032890
2.7293921 0.326577140
2.7303960 0.327120050
2.7314000 0.327661640
2.7324040 0.328201900
2.7334080 0.328740840
2.7344120 0.329278460
2.7354159 0.329814770
2.7364199 0.330349770
2.7374239 0.330883450
2.7384281 0.331415960
2.7394321 0.331947030
2.7404361 0.332476810
2.7414401 0.333005280
2.7424440 0.333532470
2.7434480 0.334058360
2.7444520 0.334582960
2.7454560 0.335106280
2.7464600 0.335628310
2.7474639 0.336149070
2.7484679 0.336668550
2.7494719 0.337186750
2.7504759 0.337703680
2.7514801 0.338219470
2.7524841 0.338733870
2.7534881 0.339247000
2.7544920 0.339758880
2.7554960 0.340269500
2.7565000 0.340778870
2.7575040 0.341286980
2.7585080 0.341793850
2.7595119 0.342299480
2.7605159 0.342803860
2.7615199 0.343307000
2.7625239 0.343808900
2.7635281 0.344309700
2.7645321 0.344809140
2.7655361 0.345307350
2.7665401 0.345804340
2.7675440 0.346300100
2.7685480 0.346794650
2.7695520 0.347287980
2.7705560 0.347780100
2.7715600 0.348271000
2.7725639 0.348760700
2.7735679 0.349249190
2.7745719 0.349736480
2.7755761 0.350222690
2.7765801 0.350707580
2.7775841 0.351191280
2.7785881 0.351673790
2.7795920 0.352155110
2.7805960 0.352635240
2.7816000 0.353114190
2.7826040 0.353591970
2.7836080 0.354068560
2.7846119 0.354543980
2.7856159 0.355018230
2.7866199 0.355491310
2.7876239 0.355963220
2.7886281 0.356434080
2.7896321 0.356903670
2.7906361 0.357372100
2.7916400 0.357839380
2.7926440 0.358305500
2.7936480 0.358770470
2.7946520 0.359234300
2.7956560 0.359696980
2.7966599 0.360158520
2.7976639 0.360618920
2.7986679 0.361078190
2.7996719 0.361536320
2.8006761 0.361993430
2.8016801 0.362449300
2.8026841 0.362904050
2.8036880 0.363357670
2.8046920 0.363810180
2.8056960 0.364261570
2.8067000 0.364711840
2.8077040 0.365161000
2.8087080 0.365609050
2.8097119 0.366056000
2.8107159 0.366501840
2.8117199 0.366946580
2.8127241 0.367390320
2.8137281 0.367832870
2.8147321 0.368274320
2.8157361 0.368714680
2.8167400 0.369153950
2.8177440 0.369592140
2.8187480 0.370029240
2.8197520 0.370465270
2.8207560 0.370900220
2.8217599 0.371334090
2.8227639 0.371766890
2.8237679 0.372198620
2.8247719 0.372629280
2.8257761 0.373058980
2.8267801 0.373487510
2.8277841 0.373914990
2.8287880 0.374341410
2.8297920 0.374766770
2.8307960 0.375191090
2.8318000 0.375614350
2.8328040 0.376036570
2.8338079 0.376457740
2.8348119 0.376877870
2.8358159 0.377296970
2.8368199 0.377715020
2.8378241 0.378132150
2.8388281 0.378548140
2.8398321 0.378963100
2.8408360 0.379377040
2.8418400 0.379789950
2.8428440 0.380201840
2.8438480 0.380612720
2.8448520 0.381022580
2.8458560 0.381431420
2.8468599 0.381839250
2.8478639 0.382246080
2.8488679 0.382651900
2.8498721 0.383056810
2.8504111 0.383273720
2.8510912 0.383547010
2.8517713 0.383819840
2.8524514 0.384092210
2.8531315 0.384364120
2.8538115 0.384635570
2.8544916 0.384906570
2.8551717 0.385177110
2.8558517 0.385447200
2.8565318 0.385716830
2.8572118 0.385986010
2.8578919 0.386254740
2.8585719 0.386523010
2.8592520 0.386790830
2.8599320 0.387058200
2.8606120 0.387325130
2.8612921 0.387591600
2.8619721 0.387857620
2.8626521 0.388123200
2.8633321 0.388388330
2.8640121 0.388653010
2.8646921 0.388917250
2.8653721 0.389181040
2.8660521 0.389444390
2.8667321 0.389707300
2.8674120 0.389969770
2.8680920 0.390231790
2.8687720 0.390493370
2.8694519 0.390754520
2.8701319 0.391015220
2.8708118 0.391275480
2.8714918 0.391535310
2.8721717 0.391794700
2.8728517 0.392053660
2.8735316 0.392312180
2.8742115 0.392570260
2.8748915 0.392827910
2.8755714 0.393085130
2.8762513 0.393341910
2.8769312 0.393598270
2.8776111 0.393854190
2.8782910 0.394109680
2.8789709 0.394364750
2.8796508 0.394619380
2.8803306 0.394873590
2.8810105 0.395127370
2.8816904 0.395380720
2.8823703 0.395633650
2.8830501 0.395886150
2.8837300 0.396138230
2.8844098 0.396389880
2.8850897 0.396641120
2.8857695 0.396891930
2.8864493 0.397142320
2.8871292 0.397392290
2.8878090 0.397641830
2.8884888 0.397890970
2.8891686 0.398139680
2.8898484 0.398387970
2.8905283 0.398635850
2.8912081 0.398883310
2.8918878 0.399130360
2.8925676 0.399376990
2.8932474 0.399623210
2.8939272 0.399869010
2.8946070 0.400114400
2.8952867 0.400359380
2.8959665 0.400603950
2.8966463 0.400848110
2.8973260 0.401091860
2.8980058 0.401335200
2.8986855 0.401578140
2.8993653 0.401820660
2.9000450 0.402062780
2.9007247 0.402304490
2.9014045 0.402545800
2.9020842 0.402786700
2.9027639 0.403027200
2.9034436 0.403267300
2.9041233 0.403507000
2.9048030 0.403746290
2.9054827 0.403985180
2.9061624 0.404223670
2.9068421 0.404461760
2.9075217 0.404699460
2.9082014 0.404936750
2.9088811 0.405173650
2.9095607 0.405410150
2.9102404 0.405646260
2.9109201 0.405881970
2.9115997 0.406117290
2.9122794 0.406352210
2.9129590 0.406586740
2.9136386 0.406820870
2.9143183 0.407054620
2.9149979 0.407287970
2.9156775 0.407520940
2.9163571 0.407753510
2.9170367 0.407985700
2.9177163 0.408217500
2.9183959 0.408448910
2.9190755 0.408679930
2.9197551 0.408910570
2.9204347 0.409140820
2.9211143 0.409370680
2.9217938 0.409600170
2.9224734 0.409829270
2.9231530 0.410057980
2.9238325 0.410286320
2.9245121 0.410514270
2.9251916 0.410741850
2.9258712 0.410969040
2.9265507 0.411195850
2.9272302 0.411422290
2.9279098 0.411648350
2.9285893 0.411874030
2.9292688 0.412099330
2.9299483 0.412324260
2.9306278 0.412548820
2.9313073 0.412773000
2.9319868 0.412996800
2.9326663 0.413220230
2.9333458 0.413443300
2.9340253 0.413665980
2.9347047 0.413888300
2.9353842 0.414110250
2.9360637 0.414331830
2.9367431 0.414553040
2.9374226 0.414773880
2.9381021 0.414994350
2.9387815 0.415214460
2.9394609 0.415434200
2.9401404 0.415653570
2.9408198 0.415872580
2.9414992 0.416091230
2.9421787 0.416309510
2.9428581 0.416527430
2.9435375 0.416744980
2.9442169 0.416962180
2.9448963 0.417179010
2.9455757 0.417395490
2.9462551 0.417611600
2.9469345 0.417827360
2.9476138 0.418042750
2.9482932 0.418257790
2.9489726 0.418472480
2.9496520 0.418686800
2.9503313 0.418900770
2.9510107 0.419114390
2.9516900 0.419327650
2.9523694 0.419540560
2.9530487 0.419753110
2.9537280 0.419965320
2.9544074 0.420177170
2.9550867 0.420388670
2.9557660 0.420599820
2.9564453 0.420810620
2.9571246 0.421021070
2.9578039 0.421231170
2.9584832 0.421440920
2.9591625 0.421650330
2.9598418 0.421859390
2.9605211 0.422068110
2.9612004 0.422276480
2.9618797 0.422484500
2.9625589 0.422692180
2.9632382 0.422899520
2.9639175 0.423106520
2.9645967 0.423313170
2.9652760 0.423519480
2.9659552 0.423725460
2.9666344 0.423931090
2.9673137 0.424136380
2.9679929 0.424341330
2.9686721 0.424545950
2.9693513 0.424750230
2.9700306 0.424954170
2.9707098 0.425157770
2.9713890 0.425361040
2.9720682 0.425563980
2.9727474 0.425766580
2.9734266 0.425968840
2.9741057 0.426170780
2.9747849 0.426372380
2.9754641 0.426573650
2.9761433 0.426774580
2.9768224 0.426975190
2.9775016 0.427175470
2.9781807 0.427375420
2.9788599 0.427575040
2.9795390 0.427774330
2.9802182 0.427973290
2.9808973 0.428171930
2.9815764 0.428370240
2.9822555 0.428568220
2.9829347 0.428765880
2.9836138 0.428963220
2.9842929 0.429160230
2.9849720 0.429356920
2.9856511 0.429553290
2.9863302 0.429749330
2.9870093 0.429945060
2.9876883 0.430140460
2.9883674 0.430335540
2.9890465 0.430530310
2.9897256 0.430724750
2.9904046 0.430918880
2.9910837 0.431112690
2.9917627 0.431306180
2.9924418 0.431499350
2.9931208 0.431692210
2.9937998 0.431884760
2.9944789 0.432076990
2.9951579 0.432268910
2.9958369 0.432460510
2.9965159 0.432651800
2.9971950 0.432842780
2.9978740 0.433033440
2.9985530 0.433223800
2.9992320 0.433413840
2.9999110 0.433603580
3.0005899 0.433793010
3.0012689 0.433982120
3.0019479 0.434170930
3.0026269 0.434359440
3.0033058 0.434547630
3.0039848 0.434735520
3.0046637 0.434923110
3.0053427 0.435110390
3.0060216 0.435297360
3.0067006 0.435484030
3.0073795 0.435670400
3.0080584 0.435856470
3.0087374 0.436042230
3.0094163 0.436227690
3.0100952 0.436412850
3.0107741 0.436597720
3.0114530 0.436782280
3.0121319 0.436966540
3.0128108 0.437150500
3.0134897 0.437334170
3.0141686 0.437517540
3.0148475 0.437700610
3.0155263 0.437883390
3.0162052 0.438065870
3.0168841 0.438248050
3.0175629 0.438429940
3.0182418 0.438611540
3.0189206 0.438792850
3.0195995 0.438973860
3.0202783 0.439154580
3.0209572 0.439335000
3.0216360 0.439515140
3.0223148 0.439694990
3.0229936 0.439874540
3.0236725 0.440053810
3.0243513 0.440232790
3.0250301 0.440411480
3.0257089 0.440589880
3.0263877 0.440768000
3.0270664 0.440945830
3.0277452 0.441123370
3.0284240 0.441300630
3.0291028 0.441477610
3.0297815 0.441654300
3.0304603 0.441830700
3.0311391 0.442006830
3.0318178 0.442182670
3.0324966 0.442358230
3.0331753 0.442533510
3.0338541 0.442708500
3.0345328 0.442883220
3.0352115 0.443057660
3.0358902 0.443231820
3.0365690 0.443405700
3.0372477 0.443579300
3.0379264 0.443752630
3.0386051 0.443925670
3.0392838 0.444098450
3.0399625 0.444270940
3.0406412 0.444443160
3.0413198 0.444615110
3.0419985 0.444786780
3.0426772 0.444958180
3.0433559 0.445129310
3.0440345 0.445300160
3.0447132 0.445470740
3.0453918 0.445641050
3.0460705 0.445811090
3.0467491 0.445980860
3.0474278 0.446150360
3.0481064 0.446319590
3.0487850 0.446488550
3.0494636 0.446657250
3.0501423 0.446825670
3.0508209 0.446993830
3.0514995 0.447161720
3.0521781 0.447329350
3.0528567 0.447496710
3.0535353 0.447663810
3.0542138 0.447830640
3.0548924 0.447997210
3.0555710 0.448163520
3.0562496 0.448329560
3.0569281 0.448495340
3.0576067 0.448660860
3.0582853 0.448826120
3.0589638 0.448991120
3.0596424 0.449155860
3.0603209 0.449320340
3.0609994 0.449484560
3.0616780 0.449648520
3.0623565 0.449812220
3.0630350 0.449975670
3.0637135 0.450138860
3.0643920 0.450301790
3.0650705 0.450464470
3.0657490 0.450626890
3.0664275 0.450789060
3.0671060 0.450950970
3.0677845 0.451112630
3.0684630 0.451274040
3.0691415 0.451435190
3.0698199 0.451596090
3.0704984 0.451756740
3.0711769 0.451917140
3.0718553 0.452077290
3.0725338 0.452237190
3.0732122 0.452396840
3.0738907 0.452556240
3.0745691 0.452715390
3.0752475 0.452874300
3.0759259 0.453032950
3.0766044 0.453191360
3.0772828 0.453349530
3.0779612 0.453507450
3.0786396 0.453665120
3.0793180 0.453822540
3.0799964 0.453979730
3.0806748 0.454136670
3.0813532 0.454293360
3.0820315 0.454449810
3.0827099 0.454606030
3.0833883 0.454761990
3.0840666 0.454917720
3.0847450 0.455073210
3.0854234 0.455228450
3.0861017 0.455383460
3.0867800 0.455538230
3.0874584 0.455692760
3.0881367 0.455847050
3.0888150 0.456001100
3.0894934 0.456154910
3.0901717 0.456308490
3.0908500 0.456461840
3.0915283 0.456614940
3.0922066 0.456767810
3.0928849 0.456920450
3.0935632 0.457072850
3.0942415 0.457225020
3.0949198 0.457376950
3.0955981 0.457528660
3.0962763 0.457680120
3.0969546 0.457831360
3.0976329 0.457982370
3.0983111 0.458133140
3.0989894 0.458283690
3.0996676 0.458434010
3.1003459 0.458584090
3.1010241 0.458733950
3.1017023 0.458883580
3.1023806 0.459032980
3.1030588 0.459182150
3.1037370 0.459331100
3.1044152 0.459479820
3.1050934 0.459628310
3.1057716 0.459776580
3.1064498 0.459924620
3.1071280 0.460072440
3.1078062 0.460220040
3.1084844 0.460367410
3.1091625 0.460514550
3.1098407 0.460661480
3.1105189 0.460808180
3.1111970 0.460954660
3.1118752 0.461100920
3.1125534 0.461246960
3.1132315 0.461392780
3.1139096 0.461538380
3.1145878 0.461683760
3.1152659 0.461828920
3.1159440 0.461973870
3.1166222 0.462118590
3.1173003 0.462263100
3.1179784 0.462407390
3.1186565 0.462551470
3.1193346 0.462695320
3.1200127 0.462838970
3.1206908 0.462982390
3.1213689 0.463125610
3.1220469 0.463268610
3.1227250 0.463411390
3.1234031 0.463553960
3.1240812 0.463696320
3.1247592 0.463838470
3.1254373 0.463980400
3.1261153 0.464122130
3.1267934 0.464263640
3.1274714 0.464404940
3.1281494 0.464546040
3.1288275 0.464686920
3.1295055 0.464827590
3.1301835 0.464968060
3.1308615 0.465108310
3.1315395 0.465248360
3.1322176 0.465388210
3.1328955 0.465527840
3.1335735 0.465667270
3.1342515 0.465806490
3.1349295 0.465945510
3.1356075 0.466084320
3.1362855 0.466222930
3.1369634 0.466361330
3.1376414 0.466499530
3.1383194 0.466637530
3.1389973 0.466775330
3.1396753 0.466912920
3.1403532 0.467050310
3.1410312 0.467187500
3.1417091 0.467324490
3.1423870 0.467461270
3.1430649 0.467597860
3.1437429 0.467734250
3.1444208 0.467870440
3.1450987 0.468006430
3.1457766 0.468142220
3.1464545 0.468277810
3.1471324 0.468413210
3.1478103 0.468548410
3.1484881 0.468683410
3.1491660 0.468818220
3.1498439 0.468952830
3.1505218 0.469087240
3.1511996 0.469221460
3.1518775 0.469355490
3.1525553 0.469489320
3.1532332 0.469622960
3.1539110 0.469756410
3.1545889 0.469889660
3.1552667 0.470022720
3.1559445 0.470155590
3.1566224 0.470288270
3.1573002 0.470420760
3.1579780 0.470553050
3.1586558 0.470685160
3.1593336 0.470817080
3.1600114 0.470948800
3.1606892 0.471080340
3.1613670 0.471211690
3.1620448 0.471342860
3.1627225 0.471473830
3.1634003 0.471604620
3.1640781 0.471735220
3.1647558 0.471865640
3.1654336 0.471995870
3.1661113 0.472125910
3.1667891 0.472255770
3.1674668 0.472385440
3.1681446 0.472514930
3.1688223 0.472644240
3.1695000 0.472773360
3.1701777 0.472902300
3.1708555 0.473031060
3.1715332 0.473159640
3.1722109 0.473288030
3.1728886 0.473416250
3.1735663 0.473544280
3.1742440 0.473672130
3.1749217 0.473799800
3.1755993 0.473927290
3.1762770 0.474054610
3.1769547 0.474181740
3.1776324 0.474308700
3.1783100 0.474435480
3.1789877 0.474562080
3.1796653 0.474688500
3.1803430 0.474814750
3.1810206 0.474940820
3.1816982 0.475066710
3.1823759 0.475192430
3.1830535 0.475317980
3.1837311 0.475443340
3.1844087 0.475568540
3.1850863 0.475693560
3.1857639 0.475818410
3.1864415 0.475943080
3.1871191 0.476067580
3.1877967 0.476191910
3.1884743 0.476316070
3.1891519 0.476440060
3.1898295 0.476563870
3.1905070 0.476687520
3.1911846 0.476810990
3.1918622 0.476934300
3.1925397 0.477057430
3.1932173 0.477180400
3.1938948 0.477303190
3.1945724 0.477425820
3.1952499 0.477548280
3.1959274 0.477670580
3.1966049 0.477792700
3.1972825 0.477914660
3.1979600 0.478036450
3.1986375 0.478158080
3.1993150 0.478279540
3.1999925 0.478400840
3.2006700 0.478521970
3.2013475 0.478642940
3.2020250 0.478763740
3.2027024 0.478884380
3.2033799 0.479004850
3.2040574 0.479125170
3.2047348 0.479245320
3.2054123 0.479365300
3.2060898 0.479485130
3.2067672 0.479604790
3.2074446 0.479724300
3.2081221 0.479843640
3.2087995 0.479962830
3.2094769 0.480081850
3.2101544 0.480200710
3.2108318 0.480319420
3.2115092 0.480437960
3.2121866 0.480556350
3.2128640 0.480674580
3.2135414 0.480792650
3.2142188 0.480910570
3.2148962 0.481028330
3.2155736 0.481145930
3.2162509 0.481263370
3.2169283 0.481380660
3.2176057 0.481497800
3.2182831 0.481614780
3.2189604 0.481731600
3.2196378 0.481848270
3.2203151 0.481964790
3.2209925 0.482081150
3.2216698 0.482197360
3.2223471 0.482313420
3.2230244 0.482429320
3.2237018 0.482545070
3.2243791 0.482660670
3.2250564 0.482776120
3.2257337 0.482891420
3.2264110 0.483006570
3.2270883 0.483121570
3.2277656 0.483236420
3.2284429 0.483351110
3.2291202 0.483465660
3.2297974 0.483580060
3.2304747 0.483694320
3.2311520 0.483808420
3.2318292 0.483922380
3.2325065 0.484036180
3.2331837 0.484149850
3.2338610 0.484263360
3.2345382 0.484376730
3.2352155 0.484489950
3.2358927 0.484603030
3.2365699 0.484715960
3.2372471 0.484828750
3.2379244 0.484941390
3.2386016 0.485053890
3.2392788 0.485166240
3.2399560 0.485278450
3.2406332 0.485390520
3.2413104 0.485502450
3.2419876 0.485614230
3.2426647 0.485725870
3.2433419 0.485837370
3.2440191 0.485948730
3.2446962 0.486059940
3.2453734 0.486171020
3.2460506 0.486281950
3.2467277 0.486392750
3.2474049 0.486503400
3.2480820 0.486613920
3.2487591 0.486724300
3.2494363 0.486834530
3.2501134 0.486944630
3.2507905 0.487054600
3.2514676 0.487164420
3.2521447 0.487274110
3.2528218 0.487383660
3.2534989 0.487493070
3.2541760 0.487602350
3.2548531 0.487711490
3.2555302 0.487820500
3.2562073 0.487929370
3.2568844 0.488038100
3.2575614 0.488146700
3.2582385 0.488255170
3.2589155 0.488363500
3.2595926 0.488471700
3.2602696 0.488579770
3.2609467 0.488687700
3.2616237 0.488795500
3.2623008 0.488903170
3.2629778 0.489010700
3.2636548 0.489118110
3.2643318 0.489225380
3.2650088 0.489332520
3.2656859 0.489439530
3.2663629 0.489546410
3.2670399 0.489653160
3.2677169 0.489759790
3.2683938 0.489866280
3.2690708 0.489972640
3.2697478 0.490078870
3.2704248 0.490184980
3.2711017 0.490290960
3.2717787 0.490396810
3.2724557 0.490502530
3.2731326 0.490608130
3.2738096 0.490713590
3.2744865 0.490818940
3.2751634 0.490924150
3.2758404 0.491029240
3.2765173 0.491134210
3.2771942 0.491239050
3.2778711 0.491343760
3.2785481 0.491448350
3.2792250 0.491552820
3.2799019 0.491657160
3.2805788 0.491761380
3.2812557 0.491865470
3.2819325 0.491969440
3.2826094 0.492073290
3.2832863 0.492177020
3.2839632 0.492280620
3.2846400 0.492384110
3.2853169 0.492487470
3.2859938 0.492590710
3.2866706 0.492693830
3.2873475 0.492796830
3.2880243 0.492899710
3.2887011 0.493002460
3.2893780 0.493105100
3.2900548 0.493207620
3.2907316 0.493310020
3.2914084 0.493412310
3.2920852 0.493514470
3.2927620 0.493616520
3.2934388 0.493718440
3.2941156 0.493820250
3.2947924 0.493921950
3.2954692 0.494023520
3.2961460 0.494124980
3.2968228 0.494226330
3.2974995 0.494327550
3.2981763 0.494428670
3.2988531 0.494529660
3.2995298 0.494630540
3.3002066 0.494731310
3.3008833 0.494831960
3.3015601 0.494932500
3.3022368 0.495032920
3.3029135 0.495133230
3.3035903 0.495233430
3.3042670 0.495333510
3.3049437 0.495433490
3.3056204 0.495533340
3.3062971 0.495633090
3.3069738 0.495732730
3.3076505 0.495832250
3.3083272 0.495931660
3.3090039 0.496030960
3.3096806 0.496130150
3.3103572 0.496229230
3.3110339 0.496328200
3.3117106 0.496427060
3.3123872 0.496525810
3.3130639 0.496624450
3.3137405 0.496722980
3.3144172 0.496821400
3.3150938 0.496919720
3.3157704 0.497017930
3.3164471 0.497116020
3.3171237 0.497214010
3.3178003 0.497311900
3.3184769 0.497409670
3.3191535 0.497507340
3.3198301 0.497604910
3.3205067 0.497702360
3.3211833 0.497799720
3.3218599 0.497896960
3.3225365 0.497994100
3.3232131 0.498091140
3.3238897 0.498188070
3.3245662 0.498284890
3.3252428 0.498381610
3.3259194 0.498478230
3.3265959 0.498574750
3.3272725 0.498671160
3.3279490 0.498767460
3.3286255 0.498863670
3.3293021 0.498959770
3.3299786 0.499055770
3.3306551 0.499151670
3.3313316 0.499247460
3.3320082 0.499343160
3.3326847 0.499438750
3.3333612 0.499534240
3.3340377 0.499629630
3.3347142 0.499724920
3.3353906 0.499820110
3.3360671 0.499915200
3.3367436 0.500010190
3.3374201 0.500105090
3.3380965 0.500199880
3.3387730 0.500294570
3.3394495 0.500389170
3.3401259 0.500483660
3.3408024 0.500578060
3.3414788 0.500672360
3.3421552 0.500766560
3.3428317 0.500860670
3.3435081 0.500954680
3.3441845 0.501048590
3.3448609 0.501142410
3.3455373 0.501236120
3.3462138 0.501329750
3.3468902 0.501423270
3.3475666 0.501516710
3.3482429 0.501610040
3.3489193 0.501703280
3.3495957 0.501796430
3.3502721 0.501889480
3.3509485 0.501982440
3.3516248 0.502075310
3.3523012 0.502168080
3.3529775 0.502260750
3.3536539 0.502353340
3.3543302 0.502445830
3.3550066 0.502538220
3.3556829 0.502630530
3.3563592 0.502722740
3.3570356 0.502814860
3.3577119 0.502906890
3.3583882 0.502998830
3.3590645 0.503090680
3.3597408 0.503182440
3.3604171 0.503274100
3.3610934 0.503365680
3.3617697 0.503457160
3.3624460 0.503548550
3.3631223 0.503639860
3.3637985 0.503731070
3.3644748 0.503822200
3.3651511 0.503913240
3.3658273 0.504004190
3.3665036 0.504095040
3.3671798 0.504185820
3.3678561 0.504276500
3.3685323 0.504367090
3.3692086 0.504457600
3.3698848 0.504548020
3.3705610 0.504638360
3.3712372 0.504728600
3.3719135 0.504818760
3.3725897 0.504908840
3.3732659 0.504998820
3.3739421 0.505088730
3.3746183 0.505178540
3.3752945 0.505268270
3.3759706 0.505357920
3.3766468 0.505447480
3.3773230 0.505536950
3.3779992 0.505626340
3.3786753 0.505715650
3.3793515 0.505804870
3.3800276 0.505894010
3.3807038 0.505983070
3.3813799 0.506072040
3.3820561 0.506160930
3.3827322 0.506249730
3.3834083 0.506338450
3.3840844 0.506427090
3.3847606 0.506515650
3.3854367 0.506604130
3.3861128 0.506692520
3.3867889 0.506780840
3.3874650 0.506869070
3.3881411 0.506957220
3.3888172 0.507045290
3.3894933 0.507133280
3.3901693 0.507221180
3.3908454 0.507309010
3.3915215 0.507396760
3.3921975 0.507484430
3.3928736 0.507572020
3.3935496 0.507659530
3.3942257 0.507746960
3.3949017 0.507834310
3.3955778 0.507921580
3.3962538 0.508008780
3.3969298 0.508095890
3.3976059 0.508182930
3.3982819 0.508269890
3.3989579 0.508356780
3.3996339 0.508443580
3.4003099 0.508530310
3.4009859 0.508616960
3.4016619 0.508703530
3.4023379 0.508790030
3.4030139 0.508876450
3.4036898 0.508962800
3.4043658 0.509049070
3.4050418 0.509135260
3.4057177 0.509221380
3.4063937 0.509307430
3.4070696 0.509393390
3.4077456 0.509479290
3.4084215 0.509565110
3.4090975 0.509650850
3.4097734 0.509736520
3.4104493 0.509822120
3.4111252 0.509907640
3.4118012 0.509993090
3.4124771 0.510078460
3.4131530 0.510163770
3.4138289 0.510249000
3.4145048 0.510334150
3.4151807 0.510419240
3.4158565 0.510504250
3.4165324 0.510589190
3.4172083 0.510674060
3.4178842 0.510758850
3.4185600 0.510843580
3.4192359 0.510928230
3.4199118 0.511012810
3.4205876 0.511097320
3.4212634 0.511181760
3.4219393 0.511266130
3.4226151 0.511350430
3.4232910 0.511434660
3.4239668 0.511518820
3.4246426 0.511602910
3.4253184 0.511686930
3.4259942 0.511770880
3.4266700 0.511854760
3.4273458 0.511938570
3.4280216 0.512022310
3.4286974 0.512105990
3.4293732 0.512189600
3.4300490 0.512273130
3.4307247 0.512356600
3.4314005 0.512440010
3.4320763 0.512523340
3.4327520 0.512606610
3.4334278 0.512689810
3.4341035 0.512772940
3.4347793 0.512856010
3.4354550 0.512939010
3.4361308 0.513021940
3.4368065 0.513104800
3.4374822 0.513187610
3.4381579 0.513270340
3.4388336 0.513353010
3.4395094 0.513435610
3.4401851 0.513518150
3.4408608 0.513600620
3.4415365 0.513683030
3.4422121 0.513765370
3.4428878 0.513847650
3.4435635 0.513929860
3.4442392 0.514012010
3.4449148 0.514094100
3.4455905 0.514176120
3.4462662 0.514258080
3.4469418 0.514339970
3.4476175 0.514421800
3.4482931 0.514503570
3.4489687 0.514585270
3.4496444 0.514666910
3.4503200 0.514748490
3.4509956 0.514830010
3.4516712 0.514911460
3.4523469 0.514992860
3.4530225 0.515074190
3.4536981 0.515155450
3.4543737 0.515236660
3.4550493 0.515317810
3.4557248 0.515398890
3.4564004 0.515479910
3.4570760 0.515560870
3.4577516 0.515641770
3.4584271 0.515722620
3.4591027 0.515803400
3.4597783 0.515884120
3.4604538 0.515964780
3.4611294 0.516045380
3.4618049 0.516125920
3.4624804 0.516206400
3.4631560 0.516286820
3.4638315 0.516367180
3.4645070 0.516447480
3.4651825 0.516527730
3.4658580 0.516607910
3.4665336 0.516688040
3.4672091 0.516768110
3.4678846 0.516848120
3.4685600 0.516928070
3.4692355 0.517007970
3.4699110 0.517087800
3.4705865 0.517167580
3.4712620 0.517247300
3.4719374 0.517326970
3.4726129 0.517406580
3.4732883 0.517486130
3.4739638 0.517565620
3.4746392 0.517645060
3.4753147 0.517724440
3.4759901 0.517803760
3.4766655 0.517883030
3.4773410 0.517962240
3.4780164 0.518041400
3.4786918 0.518120500
3.4793672 0.518199550
3.4800426 0.518278540
3.4807180 0.518357470
3.4813934 0.518436350
3.4820688 0.518515180
3.4827442 0.518593950
3.4834196 0.518672670
3.4840949 0.518751330
3.4847703 0.518829930
3.4854457 0.518908490
3.4861210 0.518986990
3.4867964 0.519065430
3.4874717 0.519143830
3.4881471 0.519222160
3.4888224 0.519300450
3.4894978 0.519378680
3.4901731 0.519456860
3.4908484 0.519534990
3.4915237 0.519613060
3.4921990 0.519691080
3.4928744 0.519769050
3.4935497 0.519846970
3.4942250 0.519924830
3.4949003 0.520002640
3.4955755 0.520080410
3.4962508 0.520158110
3.4969261 0.520235770
3.4976014 0.520313380
3.4982766 0.520390930
3.4989519 0.520468440
3.4996272 0.520545890
3.5003024 0.520623290
3.5009777 0.520700640
3.5016529 0.520777940
3.5023282 0.520855190
3.5030034 0.520932390
3.5036786 0.521009540
3.5043538 0.521086640
3.5050291 0.521163690
3.5057043 0.521240690
3.5063795 0.521317640
3.5070547 0.521394550
3.5077299 0.521471400
3.5084051 0.521548200
3.5090803 0.521624950
3.5097554 0.521701660
3.5104306 0.521778320
3.5111058 0.521854920
3.5117810 0.521931480
3.5124561 0.522007990
3.5131313 0.522084460
3.5138064 0.522160870
3.5144816 0.522237240
3.5151567 0.522313560
3.5158319 0.522389830
3.5165070 0.522466060
3.5171821 0.522542230
3.5178572 0.522618360
3.5185324 0.522694440
3.5192075 0.522770480
3.5198826 0.522846470
3.5205577 0.522922410
3.5212328 0.522998310
3.5219079 0.523074150
3.5225830 0.523149960
3.5232580 0.523225710
3.5239331 0.523301420
3.5246082 0.523377090
3.5252832 0.523452710
3.5259583 0.523528280
3.5266334 0.523603810
3.5273084 0.523679290
3.5279835 0.523754720
3.5286585 0.523830120
3.5293335 0.523905460
3.5300086 0.523980760
3.5306836 0.524056020
3.5313586 0.524131230
3.5320336 0.524206400
3.5327086 0.524281520
3.5333836 0.524356600
3.5340586 0.524431630
3.5347336 0.524506620
3.5354086 0.524581570
3.5360836 0.524656470
3.5367586 0.524731330
3.5374336 0.524806140
3.5381085 0.524880920
3.5387835 0.524955640
3.5394585 0.525030330
3.5401334 0.525104970
3.5408084 0.525179570
3.5414833 0.525254130
3.5421583 0.525328640
3.5428332 0.525403110
3.5435081 0.525477540
3.5441831 0.525551920
3.5448580 0.525626260
3.5455329 0.525700570
3.5462078 0.525774820
3.5468827 0.525849040
3.5475576 0.525923220
3.5482325 0.525997350
3.5489074 0.526071440
3.5495823 0.526145490
3.5502571 0.526219500
3.5509320 0.526293470
3.5516069 0.526367390
3.5522818 0.526441280
3.5529566 0.526515120
3.5536315 0.526588920
3.5543063 0.526662690
3.5549812 0.526736410
3.5556560 0.526810090
3.5563308 0.526883730
3.5570057 0.526957330
3.5576805 0.527030890
3.5583553 0.527104410
3.5590301 0.527177890
3.5597049 0.527251330
3.5603797 0.527324730
3.5610545 0.527398090
3.5617293 0.527471410
3.5624041 0.527544690
3.5630789 0.527617930
3.5637537 0.527691140
3.5644284 0.527764300
3.5651032 0.527837420
3.5657780 0.527910510
3.5664527 0.527983560
3.5671275 0.528056560
3.5678022 0.528129530
3.5684770 0.528202460
3.5691517 0.528275360
3.5698264 0.528348210
3.5705012 0.528421020
3.5711759 0.528493800
3.5718506 0.528566540
3.5725253 0.528639240
3.5732000 0.528711910
3.5738747 0.528784530
3.5745494 0.528857120
3.5752241 0.528929670
3.5758988 0.529002180
3.5765735 0.529074660
3.5772482 0.529147100
3.5779228 0.529219500
3.5785975 0.529291860
3.5792722 0.529364190
3.5799468 0.529436480
3.5806215 0.529508730
3.5812961 0.529580950
3.5819708 0.529653130
3.5826454 0.529725270
3.5833200 0.529797370
3.5839947 0.529869440
3.5846693 0.529941480
3.5853439 0.530013480
3.5860185 0.530085440
3.5866931 0.530157360
3.5873677 0.530229250
3.5880423 0.530301110
3.5887169 0.530372920
3.5893915 0.530444710
3.5900661 0.530516450
3.5907406 0.530588160
3.5914152 0.530659840
3.5920898 0.530731480
3.5927643 0.530803090
3.5934389 0.530874660
3.5941134 0.530946190
3.5947880 0.531017690
3.5954625 0.531089160
3.5961371 0.531160590
3.5968116 0.531231980
3.5974861 0.531303340
3.5981606 0.531374670
3.5988352 0.531445960
3.5995097 0.531517220
3.6001842 0.531588440
3.6008587 0.531659630
3.6015332 0.531730790
3.6022077 0.531801910
3.6028821 0.531872990
3.6035566 0.531944050
3.6042311 0.532015060
3.6049056 0.532086050
3.6055800 0.532157000
3.6062545 0.532227920
3.6069289 0.532298800
3.6076034 0.532369650
3.6082778 0.532440470
3.6089523 0.532511260
3.6096267 0.532582010
3.6103011 0.532652730
3.6109756 0.532723410
3.6116500 0.532794060
3.6123244 0.532864680
3.6129988 0.532935270
3.6136732 0.533005820
3.6143476 0.533076340
3.6150220 0.533146830
3.6156964 0.533217290
3.6163708 0.533287710
3.6170452 0.533358100
3.6177195 0.533428460
3.6183939 0.533498780
3.6190683 0.533569080
3.6197426 0.533639340
3.6204170 0.533709570
3.6210913 0.533779770
3.6217657 0.533849930
3.6224400 0.533920070
3.6231143 0.533990170
3.6237887 0.534060240
3.6244630 0.534130280
3.6251373 0.534200290
3.6258116 0.534270260
3.6264859 0.534340210
3.6271602 0.534410120
3.6278345 0.534480000
3.6285088 0.534549850
3.6291831 0.534619670
3.6298574 0.534689460
3.6305317 0.534759220
3.6312059 0.534828940
3.6318802 0.534898640
3.6325545 0.534968300
3.6332287 0.535037940
3.6339030 0.535107540
3.6345772 0.535177110
3.6352515 0.535246650
3.6359257 0.535316160
3.6365999 0.535385640
3.6372742 0.535455090
3.6379484 0.535524510
3.6386226 0.535593900
3.6392968 0.535663260
3.6399710 0.535732590
3.6406452 0.535801890
3.6413194 0.535871160
3.6419936 0.535940400
3.6426678 0.536009610
3.6433420 0.536078790
3.6440161 0.536147940
3.6446903 0.536217060
3.6453645 0.536286150
3.6460386 0.536355210
3.6467128 0.536424240
3.6473870 0.536493240
3.6480611 0.536562210
3.6487352 0.536631150
3.6494094 0.536700070
3.6500835 0.536768950
3.6507576 0.536837810
3.6514318 0.536906630
3.6521059 0.536975430
3.6527800 0.537044190
3.6534541 0.537112930
3.6541282 0.537181640
3.6548023 0.537250320
3.6554764 0.537318970
3.6561505 0.537387590
3.6568245 0.537456190
3.6574986 0.537524750
3.6581727 0.537593290
3.6588467 0.537661800
3.6595208 0.537730270
3.6601949 0.537798720
3.6608689 0.537867150
3.6615430 0.537935540
3.6622170 0.538003900
3.6628910 0.538072240
3.6635651 0.538140550
3.6642391 0.538208830
3.6649131 0.538277080
3.6655871 0.538345300
3.6662611 0.538413500
3.6669351 0.538481670
3.6676091 0.538549810
3.6682831 0.538617920
3.6689571 0.538686000
3.6696311 0.538754060
3.6703051 0.538822080
3.6709790 0.538890080
3.6716530 0.538958060
3.6723270 0.539026000
3.6730009 0.539093920
3.6736749 0.539161810
3.6743488 0.539229670
3.6750228 0.539297500
3.6756967 0.539365310
3.6763707 0.539433090
3.6770446 0.539500840
3.6777185 0.539568560
3.6783924 0.539636260
3.6790663 0.539703930
3.6797402 0.539771570
3.6804142 0.539839190
3.6810881 0.539906770
3.6817619 0.539974330
3.6824358 0.540041870
3.6831097 0.540109370
3.6837836 0.540176850
3.6844575 0.540244310
3.6851313 0.540311730
3.6858052 0.540379130
3.6864791 0.540446500
3.6871529 0.540513850
3.6878268 0.540581160
3.6885006 0.540648450
3.6891744 0.540715720
3.6898483 0.540782960
3.6905221 0.540850170
3.6911959 0.540917350
3.6918697 0.540984510
3.6925435 0.541051640
3.6932174 0.541118740
3.6938912 0.541185820
3.6945649 0.541252870
3.6952387 0.541319900
3.6959125 0.541386900
3.6965863 0.541453870
3.6972601 0.541520810
3.6979339 0.541587730
3.6986076 0.541654630
3.6992814 0.541721490
3.6999551 0.541788330
3.7006289 0.541855150
3.7013026 0.541921940
3.7019764 0.541988700
3.7026501 0.542055440
3.7033238 0.542122150
3.7039976 0.542188830
3.7046713 0.542255490
3.7053450 0.542322120
3.7060187 0.542388720
3.7066924 0.542455300
3.7073661 0.542521860
3.7080398 0.542588380
3.7087135 0.542654890
3.7093872 0.542721360
3.7100609 0.542787810
3.7107346 0.542854240
3.7114082 0.542920640
3.7120819 0.542987010
3.7127556 0.543053360
3.7134292 0.543119680
3.7141029 0.543185970
3.7147765 0.543252240
3.7154501 0.543318490
3.7161238 0.543384710
3.7167974 0.543450900
3.7174710 0.543517070
3.7181447 0.543583210
3.7188183 0.543649320
3.7194919 0.543715410
3.7201655 0.543781480
3.7208391 0.543847520
3.7215127 0.543913530
3.7221863 0.543979520
3.7228599 0.544045490
3.7235334 0.544111420
3.7242070 0.544177340
3.7248806 0.544243220
3.7255541 0.544309080
3.7262277 0.544374920
3.7269013 0.544440730
3.7275748 0.544506520
3.7282483 0.544572280
3.7289219 0.544638010
3.7295954 0.544703720
3.7302689 0.544769410
3.7309425 0.544835070
3.7316160 0.544900700
3.7322895 0.544966310
3.7329630 0.545031890
3.7336365 0.545097450
3.7343100 0.545162990
3.7349835 0.545228490
3.7356570 0.545293980
3.7363305 0.545359440
3.7370040 0.545424870
3.7376774 0.545490280
3.7383509 0.545555660
3.7390244 0.545621020
3.7396978 0.545686350
3.7403713 0.545751660
3.7410447 0.545816940
3.7417182 0.545882200
3.7423916 0.545947430
3.7430650 0.546012640
3.7437385 0.546077820
3.7444119 0.546142980
3.7450853 0.546208110
3.7457587 0.546273220
3.7464321 0.546338300
3.7471055 0.546403360
3.7477789 0.546468390
3.7484523 0.546533400
3.7491257 0.546598380
3.7497991 0.546663340
3.7504725 0.546728270
3.7511458 0.546793180
3.7518192 0.546858060
3.7524926 0.546922920
3.7531659 0.546987750
3.7538393 0.547052560
3.7545126 0.547117340
3.7551860 0.547182100
3.7558593 0.547246830
3.7565326 0.547311540
3.7572060 0.547376230
3.7578793 0.547440880
3.7585526 0.547505520
3.7592259 0.547570130
3.7598992 0.547634710
3.7605725 0.547699270
3.7612458 0.547763810
3.7619191 0.547828320
3.7625924 0.547892800
3.7632657 0.547957260
3.7639389 0.548021690
3.7646122 0.548086100
3.7652855 0.548150490
3.7659587 0.548214850
3.7666320 0.548279190
3.7673052 0.548343500
3.7679785 0.548407780
3.7686517 0.548472040
3.7693250 0.548536280
3.7699982 0.548600490
3.7706714 0.548664680
3.7713446 0.548728840
3.7720179 0.548792980
3.7726911 0.548857090
3.7733643 0.548921170
3.7740375 0.548985240
3.7747107 0.549049270
3.7753839 0.549113290
3.7760570 0.549177270
3.7767302 0.549241230
3.7774034 0.549305170
3.7780766 0.549369080
3.7787497 0.549432970
3.7794229 0.549496840
3.7800960 0.549560670
3.7807692 0.549624490
3.7814423 0.549688270
3.7821155 0.549752040
3.7827886 0.549815780
3.7834617 0.549879490
3.7841349 0.549943180
3.7848080 0.550006840
3.7854811 0.550070480
3.7861542 0.550134090
3.7868273 0.550197680
3.7875004 0.550261240
3.7881735 0.550324780
3.7888466 0.550388290
3.7895197 0.550451780
3.7901928 0.550515240
3.7908658 0.550578680
3.7915389 0.550642100
3.7922120 0.550705480
3.7928850 0.550768850
3.7935581 0.550832180
3.7942311 0.550895500
3.7949042 0.550958780
3.7955772 0.551022050
3.7962502 0.551085280
3.7969233 0.551148500
3.7975963 0.551211680
3.7982693 0.551274840
3.7989423 0.551337980
3.7996153 0.551401090
3.8002883 0.551464180
3.8006599 0.551499000
3.8009613 0.551527240
3.8016343 0.551590270
3.8016641 0.551593060
3.8023073 0.551653280
3.8026681 0.551687050
3.8029803 0.551716270
3.8036533 0.551779230
3.8036721 0.551780990
3.8043262 0.551842160
3.8046761 0.551874870
3.8049992 0.551905070
3.8056722 0.551967960
3.8056800 0.551968690
3.8063451 0.552030810
3.8066840 0.552062460
3.8070181 0.552093650
3.8076880 0.552156170
3.8076910 0.552156460
3.8083640 0.552219240
3.8086920 0.552249830
3.8090369 0.552281990
3.8096960 0.552343430
3.8097098 0.552344730
3.8103828 0.552407430
3.8106999 0.552436980
3.8110557 0.552470110
3.8117039 0.552530470
3.8117286 0.552532770
3.8124015 0.552595400
3.8127079 0.552623900
3.8130744 0.552658000
3.8137119 0.552717280
3.8137473 0.552720580
3.8144202 0.552783130
3.8147161 0.552810630
3.8157201 0.552903900
3.8167241 0.552997110
3.8177280 0.553090260
3.8187320 0.553183360
3.8197360 0.553276400
3.8207400 0.553369390
3.8217440 0.553462320
3.8227479 0.553555190
3.8237519 0.553648010
3.8247559 0.553740770
3.8257599 0.553833480
3.8267641 0.553926140
3.8277681 0.554018730
3.8287721 0.554111270
3.8297760 0.554203740
3.8307800 0.554296160
3.8317840 0.554388530
3.8327880 0.554480830
3.8337920 0.554573080
3.8347960 0.554665270
3.8357999 0.554757400
3.8368039 0.554849480
3.8378079 0.554941490
3.8388121 0.555033470
3.8398161 0.555125380
3.8408201 0.555217220
3.8418241 0.555309010
3.8428280 0.555400730
3.8438320 0.555492400
3.8448360 0.555584010
3.8458400 0.555675560
3.8468440 0.555767060
3.8478479 0.555858490
3.8488519 0.555949870
3.8498559 0.556041190
3.8508601 0.556132470
3.8518641 0.556223660
3.8528681 0.556314800
3.8538721 0.556405890
3.8548760 0.556496910
3.8558800 0.556587870
3.8568840 0.556678770
3.8578880 0.556769610
3.8588920 0.556860390
3.8598959 0.556951120
3.8608999 0.557041780
3.8619039 0.557132380
3.8629079 0.557222920
3.8639121 0.557313420
3.8649161 0.557403840
3.8659201 0.557494200
3.8669240 0.557584500
3.8679280 0.557674740
3.8689320 0.557764910
3.8699360 0.557855030
3.8709400 0.557945080
3.8719440 0.558035070
3.8729479 0.558125000
3.8739519 0.558214870
3.8749559 0.558304680
3.8759601 0.558394450
3.8769641 0.558484130
3.8779681 0.558573750
3.8789721 0.558663310
3.8799760 0.558752800
3.8809800 0.558842230
3.8819840 0.558931600
3.8829880 0.559020910
3.8839920 0.559110150
3.8849959 0.559199330
3.8859999 0.559288450
3.8870039 0.559377500
3.8880081 0.559466510
3.8890121 0.559555440
3.8900161 0.559644300
3.8910201 0.559733090
3.8920240 0.559821830
3.8930280 0.559910490
3.8940320 0.559999100
3.8950360 0.560087640
3.8960400 0.560176110
3.8970439 0.560264520
3.8980479 0.560352860
3.8990519 0.560441140
3.9000559 0.560529350
3.9010601 0.560617520
3.9020641 0.560705600
3.9030681 0.560793610
3.9040720 0.560881560
3.9050760 0.560969440
3.9060800 0.561057260
3.9070840 0.561145000
3.9080880 0.561232690
3.9090919 0.561320300
3.9100959 0.561407850
3.9110999 0.561495330
3.9121039 0.561582740
3.9131081 0.561670100
3.9141121 0.561757380
3.9151161 0.561844590
3.9161201 0.561931730
3.9166927 0.561981400
3.9171240 0.562018800
3.9173641 0.562039610
3.9180357 0.562097810
3.9181280 0.562105800
3.9187074 0.562155970
3.9191320 0.562192730
3.9193788 0.562214090
3.9200504 0.562272200
3.9201360 0.562279600
3.9207220 0.562330270
3.9211400 0.562366390
3.9213934 0.562388290
3.9220648 0.562446290
3.9221439 0.562453120
3.9227362 0.562504250
3.9231479 0.562539780
3.9234078 0.562562200
3.9240794 0.562620120
3.9241519 0.562626360
3.9247508 0.562677980
3.9251561 0.562712900
3.9254222 0.562735820
3.9260938 0.562793640
3.9261601 0.562799350
3.9267654 0.562851440
3.9271641 0.562885730
3.9274368 0.562909180
3.9281082 0.562966890
3.9281681 0.562972030
3.9287796 0.563024570
3.9291720 0.563058270
3.9294512 0.563082240
3.9301226 0.563139850
3.9307942 0.563197460
3.9314656 0.563255010
3.9321370 0.563312530
3.9328084 0.563370010
3.9334798 0.563427470
3.9341512 0.563484890
3.9348226 0.563542290
3.9354939 0.563599650
3.9361653 0.563656970
3.9368367 0.563714270
3.9375081 0.563771530
3.9381795 0.563828760
3.9388509 0.563885960
3.9395223 0.563943120
3.9401937 0.564000260
3.9408650 0.564057360
3.9415364 0.564114420
3.9422076 0.564171440
3.9428790 0.564228440
3.9435503 0.564285410
3.9442215 0.564342330
3.9448929 0.564399230
3.9455640 0.564456080
3.9462354 0.564512920
3.9469066 0.564569700
3.9475780 0.564626470
3.9482493 0.564683210
3.9489205 0.564739890
3.9495919 0.564796560
3.9502630 0.564853180
3.9509344 0.564909780
3.9516056 0.564966330
3.9522769 0.565022870
3.9529481 0.565079350
3.9536192 0.565135800
3.9542906 0.565192240
3.9549618 0.565248620
3.9556329 0.565304970
3.9563043 0.565361300
3.9569755 0.565417580
3.9576464 0.565473800
3.9583175 0.565530010
3.9589889 0.565586210
3.9596601 0.565642350
3.9603312 0.565698460
3.9610023 0.565754530
3.9616735 0.565810570
3.9623446 0.565866580
3.9630158 0.565922550
3.9636869 0.565978480
3.9643581 0.566034380
3.9650292 0.566090250
3.9657004 0.566146080
3.9663715 0.566201870
3.9670427 0.566257640
3.9677138 0.566313360
3.9683847 0.566369030
3.9690559 0.566424690
3.9697270 0.566480310
3.9703979 0.566535870
3.9710689 0.566591400
3.9717400 0.566646910
3.9724112 0.566702390
3.9730821 0.566757810
3.9737532 0.566813220
3.9744244 0.566868590
3.9750953 0.566923910
3.9757662 0.566979190
3.9764373 0.567034450
3.9771085 0.567089680
3.9777794 0.567144850
3.9784503 0.567199980
3.9791214 0.567255100
3.9797924 0.567310170
3.9804633 0.567365190
3.9811344 0.567420200
3.9818053 0.567475160
3.9824760 0.567530050
3.9831471 0.567584950
3.9838181 0.567639800
3.9844890 0.567694600
3.9851599 0.567749370
3.9858308 0.567804110
3.9865017 0.567858800
3.9871726 0.567913460
3.9878435 0.567968090
3.9885144 0.568022670
3.9891853 0.568077220
3.9898562 0.568131730
3.9905272 0.568186200
3.9911981 0.568240640
3.9918690 0.568295030
3.9925399 0.568349400
3.9932108 0.568403720
3.9938817 0.568458000
3.9945521 0.568512210
3.9952230 0.568566420
3.9958940 0.568620590
3.9965649 0.568674730
3.9972355 0.568728800
3.9979062 0.568782840
3.9985771 0.568836860
3.9992480 0.568890840
3.9999189 0.568944780
4.0005894 0.568998650
4.0012603 0.569052510
4.0019312 0.569106340
4.0026021 0.569160130
4.0032730 0.569213880
4.0039434 0.569267550
4.0046144 0.569321220
4.0052853 0.569374850
4.0059557 0.569428410
4.0066266 0.569481960
4.0072975 0.569535480
4.0079679 0.569588910
4.0086384 0.569642310
4.0093093 0.569695710
4.0099802 0.569749070
4.0106506 0.569802350
4.0113215 0.569855630
4.0119925 0.569908860
4.0126629 0.569962030
4.0133333 0.570015150
4.0139718 0.570065700
4.0146422 0.570118740
4.0153131 0.570171780
4.0159836 0.570224750
4.0166545 0.570277710
4.0173249 0.570330590
4.0179958 0.570383470
4.0186663 0.570436270
4.0193367 0.570489030
4.0200076 0.570541790
4.0206780 0.570594470
4.0213485 0.570647110
4.0220194 0.570699750
4.0226898 0.570752310
4.0233603 0.570804820
4.0240312 0.570857340
4.0247016 0.570909770
4.0253720 0.570962160
4.0260425 0.571014520
4.0267134 0.571066870
4.0273838 0.571119130
4.0280542 0.571171360
4.0287247 0.571223550
4.0293956 0.571275730
4.0300660 0.571327830
4.0307364 0.571379890
4.0314069 0.571431910
4.0320773 0.571483890
4.0327477 0.571535830
4.0334182 0.571587720
4.0340886 0.571639570
4.0347595 0.571691420
4.0354300 0.571743180
4.0361004 0.571794910
4.0367708 0.571846590
4.0374408 0.571898190
4.0381112 0.571949790
4.0387816 0.572001340
4.0394521 0.572052850
4.0401225 0.572104320
4.0407929 0.572155740
4.0414634 0.572207120
4.0421333 0.572258430
4.0428038 0.572309720
4.0434742 0.572360970
4.0441446 0.572412180
4.0448151 0.572463350
4.0454855 0.572514470
4.0461559 0.572565550
4.0468264 0.572616580
4.0474963 0.572667530
4.0481668 0.572718480
4.0488372 0.572769380
4.0495076 0.572820240
4.0501781 0.572871060
4.0508480 0.572921790
4.0515184 0.572972520
4.0521889 0.573023200
4.0528588 0.573073800
4.0535293 0.573124390
4.0541997 0.573174940
4.0548697 0.573225410
4.0555401 0.573275870
4.0562105 0.573326280
4.0568805 0.573376610
4.0575509 0.573426940
4.0582213 0.573477210
4.0588913 0.573527410
4.0595617 0.573577600
4.0602317 0.573627710
4.0609021 0.573677800
4.0615721 0.573727820
4.0622420 0.573777790
4.0629120 0.573827720
4.0635824 0.573877630
4.0642524 0.573927470
4.0649228 0.573977290
4.0655928 0.574027030
4.0662632 0.574076760
4.0669332 0.574126410
4.0676036 0.574176050
4.0682735 0.574225610
4.0689435 0.574275120
4.0696139 0.574324620
4.0702839 0.574374030
4.0709538 0.574423400
4.0716243 0.574472760
4.0722942 0.574522040
4.0729642 0.574571270
4.0736346 0.574620490
4.0743046 0.574669630
4.0749745 0.574718720
4.0756445 0.574767760
4.0763149 0.574816790
4.0769849 0.574865730
4.0776548 0.574914630
4.0783248 0.574963490
4.0789948 0.575012290
4.0796652 0.575061080
4.0803351 0.575109790
4.0810051 0.575158450
4.0816751 0.575207070
4.0823450 0.575255630
4.0830150 0.575304150
4.0836849 0.575352620
4.0843549 0.575401040
4.0850248 0.575449410
4.0856948 0.575497730
4.0863647 0.575546010
4.0870342 0.575594200
4.0877042 0.575642380
4.0883741 0.575690500
4.0890441 0.575738580
4.0897141 0.575786610
4.0903840 0.575834590
4.0910540 0.575882530
4.0917239 0.575930410
4.0923939 0.575978240
4.0930638 0.576026030
4.0937338 0.576073760
4.0944033 0.576121410
4.0950732 0.576169050
4.0957432 0.576216630
4.0964131 0.576264170
4.0970831 0.576311650
4.0977530 0.576359090
4.0984225 0.576406440
4.0990925 0.576453770
4.0997624 0.576501060
4.1004324 0.576548290
4.1011019 0.576595440
4.1017718 0.576642570
4.1024418 0.576689660
4.1031113 0.576736650
4.1037812 0.576783630
4.1044512 0.576830560
4.1051207 0.576877410
4.1057906 0.576924240
4.1064601 0.576970980
4.1071301 0.577017700
4.1078000 0.577064380
4.1084695 0.577110970
4.1091394 0.577157540
4.1098089 0.577204020
4.1104789 0.577250490
4.1111479 0.577296840
4.1118178 0.577343200
4.1124873 0.577389480
4.1131573 0.577435740
4.1138268 0.577481910
4.1144967 0.577528070
4.1151662 0.577574140
4.1158357 0.577620150
4.1165056 0.577666150
4.1171751 0.577712060
4.1178451 0.577757950
4.1185145 0.577803760
4.1191840 0.577849510
4.1198540 0.577895250
4.1205235 0.577940890
4.1211929 0.577986490
4.1218624 0.578032030
4.1225324 0.578077550
4.1232018 0.578122980
4.1238713 0.578168370
4.1245408 0.578213690
4.1252108 0.578259000
4.1258802 0.578304220
4.1265497 0.578349380
4.1272192 0.578394500
4.1278887 0.578439550
4.1285582 0.578484560
4.1292281 0.578529540
4.1298976 0.578574430
4.1305671 0.578619270
4.1312366 0.578664060
4.1319060 0.578708790
4.1325755 0.578753470
4.1332450 0.578798090
4.1339145 0.578842660
4.1345840 0.578887170
4.1352534 0.578931630
4.1359229 0.578976030
4.1365924 0.579020380
4.1372619 0.579064670
4.1379313 0.579108910
4.1386008 0.579153090
4.1392703 0.579197210
4.1399398 0.579241280
4.1406093 0.579285300
4.1412783 0.579329220
4.1419477 0.579373120
4.1426172 0.579416970
4.1432867 0.579460760
4.1439562 0.579504490
4.1446257 0.579548170
4.1452947 0.579591760
4.1459317 0.579633220
4.1466007 0.579676690
4.1472702 0.579720150
4.1479397 0.579763550
4.1486092 0.579806890
4.1492786 0.579850170
4.1499472 0.579893330
4.1506166 0.579936500
4.1512861 0.579979610
4.1519556 0.580022670
4.1526251 0.580065660
4.1532941 0.580108570
4.1539631 0.580151420
4.1546326 0.580194250
4.1553020 0.580237010
4.1559715 0.580279720
4.1566401 0.580322310
4.1573095 0.580364900
4.1579790 0.580407440
4.1586485 0.580449910
4.1593170 0.580492270
4.1599865 0.580534630
4.1606560 0.580576930
4.1613255 0.580619170
4.1619940 0.580661300
4.1626635 0.580703420
4.1633329 0.580745490
4.1640015 0.580787430
4.1646709 0.580829380
4.1653404 0.580871270
4.1660094 0.580913070
4.1666784 0.580954810
4.1673479 0.580996520
4.1680164 0.581038110
4.1686859 0.581079700
4.1693554 0.581121230
4.1700239 0.581162640
4.1706934 0.581204050
4.1713624 0.581245380
4.1720314 0.581286640
4.1727009 0.581327870
4.1733694 0.581368980
4.1740389 0.581410090
4.1747079 0.581451110
4.1753769 0.581492070
4.1760464 0.581533000
4.1767149 0.581573810
4.1773844 0.581614620
4.1780529 0.581655300
4.1787224 0.581695990
4.1793909 0.581736560
4.1800604 0.581777120
4.1807289 0.581817560
4.1813984 0.581858000
4.1820669 0.581898320
4.1827364 0.581938640
4.1834049 0.581978840
4.1840744 0.582019030
4.1847429 0.582059100
4.1854124 0.582099170
4.1860809 0.582139120
4.1867504 0.582179070
4.1874189 0.582218890
4.1880879 0.582258680
4.1887569 0.582298410
4.1894255 0.582338050
4.1900949 0.582377690
4.1907635 0.582417200
4.1914325 0.582456680
4.1921015 0.582496090
4.1927700 0.582535420
4.1934395 0.582574740
4.1941080 0.582613940
4.1947770 0.582653100
4.1954451 0.582692140
4.1961145 0.582731210
4.1967831 0.582770150
4.1974516 0.582809030
4.1981211 0.582847910
4.1987896 0.582886660
4.1994581 0.582925350
4.2001271 0.582964010
4.2007961 0.583002600
4.2014647 0.583041100
4.2021337 0.583079560
4.2028027 0.583117950
4.2034712 0.583156260
4.2041397 0.583194500
4.2048087 0.583232700
4.2054777 0.583270840
4.2061462 0.583308890
4.2068148 0.583346870
4.2074838 0.583384810
4.2081523 0.583422660
4.2088213 0.583460480
4.2094898 0.583498200
4.2101583 0.583535850
4.2108274 0.583573470
4.2114959 0.583611000
4.2121649 0.583648480
4.2128334 0.583685870
4.2135019 0.583723200
4.2141705 0.583760460
4.2148395 0.583797680
4.2155080 0.583834810
4.2161765 0.583871880
4.2168455 0.583908900
4.2175140 0.583945830
4.2181826 0.583982690
4.2188511 0.584019490
4.2195196 0.584056220
4.2201881 0.584092880
4.2208567 0.584129480
4.2215257 0.584166030
4.2221942 0.584202500
4.2228627 0.584238890
4.2235312 0.584275220
4.2241998 0.584311480
4.2248683 0.584347670
4.2255368 0.584383800
4.2262053 0.584419860
4.2268739 0.584455850
4.2275424 0.584491770
4.2282109 0.584527620
4.2288795 0.584563410
4.2295480 0.584599130
4.2302165 0.584634780
4.2308850 0.584670360
4.2315536 0.584705870
4.2321897 0.584739600
4.2328582 0.584774980
4.2335267 0.584810290
4.2341952 0.584845530
4.2348638 0.584880710
4.2355318 0.584915780
4.2362003 0.584950820
4.2368689 0.584985790
4.2375374 0.585020680
4.2382059 0.585055510
4.2388740 0.585090240
4.2395425 0.585124930
4.2402110 0.585159550
4.2408791 0.585194070
4.2415476 0.585228550
4.2422161 0.585262960
4.2428842 0.585297280
4.2435527 0.585331540
4.2442207 0.585365720
4.2448888 0.585399820
4.2455573 0.585433880
4.2462258 0.585467870
4.2468939 0.585501760
4.2475624 0.585535610
4.2482305 0.585569360
4.2488990 0.585603060
4.2495670 0.585636670
4.2502356 0.585670240
4.2509036 0.585703710
4.2515721 0.585737130
4.2522402 0.585770450
4.2529087 0.585803730
4.2535768 0.585836910
4.2542448 0.585870020
4.2549133 0.585903080
4.2555814 0.585936050
4.2562499 0.585968970
4.2569180 0.586001790
4.2575860 0.586034550
4.2582545 0.586067250
4.2589226 0.586099860
4.2595906 0.586132390
4.2602592 0.586164880
4.2609272 0.586197270
4.2615952 0.586229580
4.2622633 0.586261830
4.2629313 0.586294000
4.2635999 0.586326120
4.2642679 0.586358150
4.2649360 0.586390100
4.2656040 0.586421980
4.2662721 0.586453790
4.2669401 0.586485520
4.2676086 0.586517200
4.2682767 0.586548790
4.2696128 0.586611740
4.2702808 0.586643110
4.2736211 0.586798820
4.2742891 0.586829740
4.2749572 0.586860590
4.2756252 0.586891360
4.2762933 0.586922050
4.2769613 0.586952670
4.2776289 0.586983200
4.2782969 0.587013670
4.2789650 0.587044070
4.2796330 0.587074390
4.2803011 0.587104640
4.2809691 0.587134810
4.2816372 0.587164900
4.2823048 0.587194900
4.2829728 0.587224850
4.2836409 0.587254710
4.2843089 0.587284510
4.2849765 0.587314200
4.2856445 0.587343850
4.2863126 0.587373410
4.2869802 0.587402880
4.2876482 0.587432290
4.2883162 0.587461630
4.2889838 0.587490870
4.2896519 0.587520050
4.2903199 0.587549160
4.2909875 0.587578170
4.2916555 0.587607120
4.2923231 0.587635980
4.2929912 0.587664780
4.2936583 0.587693460
4.2943263 0.587722100
4.2949939 0.587750650
4.2956619 0.587779140
4.2963295 0.587807530
4.2969975 0.587835870
4.2976651 0.587864110
4.2983332 0.587892290
4.2990007 0.587920370
4.2996683 0.587948370
4.3003364 0.587976320
4.3010039 0.588004170
4.3016715 0.588031940
4.3023396 0.588059650
4.3030071 0.588087270
4.3036423 0.588113470
4.3043103 0.588140950
4.3049779 0.588168330
4.3056455 0.588195630
4.3063130 0.588222860
4.3069811 0.588250020
4.3076487 0.588277090
4.3083162 0.588304080
4.3089838 0.588330980
4.3096514 0.588357810
4.3103189 0.588384560
4.3109865 0.588411240
4.3116546 0.588437850
4.3123221 0.588464360
4.3129897 0.588490790
4.3136573 0.588517140
4.3143249 0.588543410
4.3149924 0.588569610
4.3156600 0.588595720
4.3163276 0.588621750
4.3169951 0.588647700
4.3176627 0.588673570
4.3183303 0.588699370
4.3189979 0.588725080
4.3196654 0.588750710
4.3203330 0.588776260
4.3210006 0.588801720
4.3216677 0.588827090
4.3223352 0.588852400
4.3230028 0.588877630
4.3236704 0.588902770
4.3243380 0.588927840
4.3250055 0.588952820
4.3256731 0.588977720
4.3263407 0.589002540
4.3270078 0.589027260
4.3276753 0.589051910
4.3283424 0.589076470
4.3290100 0.589100960
4.3296776 0.589125370
4.3303452 0.589149700
4.3310127 0.589173950
4.3316798 0.589198090
4.3323474 0.589222180
4.3330145 0.589246160
4.3336821 0.589270070
4.3343496 0.589293910
4.3350167 0.589317640
4.3356838 0.589341290
4.3363514 0.589364880
4.3370190 0.589388380
4.3376861 0.589411790
4.3383536 0.589435120
4.3390207 0.589458360
4.3396883 0.589481530
4.3403554 0.589504600
4.3410225 0.589527590
4.3416901 0.589550510
4.3423576 0.589573350
4.3430243 0.589596070
4.3436913 0.589618720
4.3443584 0.589641290
4.3450260 0.589663790
4.3456931 0.589686190
4.3463602 0.589708510
4.3470278 0.589730750
4.3476949 0.589752900
4.3483620 0.589774970
4.3490295 0.589796960
4.3496966 0.589818860
4.3503637 0.589840670
4.3510313 0.589862410
4.3516979 0.589884030
4.3523655 0.589905600
4.3530326 0.589927070
4.3536997 0.589948460
4.3543668 0.589969760
4.3550339 0.589990980
4.3557014 0.590012120
4.3563681 0.590033150
4.3570356 0.590054120
4.3577023 0.590074980
4.3583698 0.590095780
4.3590364 0.590116470
4.3597040 0.590137100
4.3603706 0.590157620
4.3610382 0.590178080
4.3617048 0.590198420
4.3623395 0.590217710
4.3630066 0.590237900
4.3636737 0.590258000
4.3643408 0.590278020
4.3650079 0.590297950
4.3656750 0.590317790
4.3663421 0.590337550
4.3670087 0.590357200
4.3676758 0.590376790
4.3683429 0.590396280
4.3690100 0.590415690
4.3696771 0.590435020
4.3703437 0.590454240
4.3710108 0.590473380
4.3716779 0.590492440
4.3723450 0.590511420
4.3730116 0.590530290
4.3736787 0.590549090
4.3743458 0.590567790
4.3750124 0.590586400
4.3756795 0.590604940
4.3763461 0.590623370
4.3770132 0.590641730
4.3776803 0.590660000
4.3783469 0.590678170
4.3790140 0.590696260
4.3796806 0.590714250
4.3803477 0.590732170
4.3810143 0.590749980
4.3816814 0.590767720
4.3823481 0.590785360
4.3830152 0.590802920
4.3836818 0.590820380
4.3843489 0.590837760
4.3850155 0.590855040
4.3856821 0.590872240
4.3863492 0.590889350
4.3870158 0.590906370
4.3876829 0.590923300
4.3883495 0.590940140
4.3890162 0.590956880
4.3896832 0.590973550
4.3903499 0.590990120
4.3910165 0.591006600
4.3916831 0.591022980
4.3923502 0.591039290
4.3930168 0.591055500
4.3936834 0.591071610
4.3943501 0.591087640
4.3950167 0.591103580
4.3956838 0.591119440
4.3963504 0.591135190
4.3970170 0.591150860
4.3976836 0.591166430
4.3983502 0.591181910
4.3990169 0.591197310
4.3996835 0.591212610
4.4003501 0.591227820
4.4010167 0.591242940
4.4016833 0.591257970
4.4023499 0.591272910
4.4030166 0.591287760
4.4036832 0.591302510
4.4043498 0.591317170
4.4050164 0.591331750
4.4056830 0.591346230
4.4063497 0.591360620
4.4070163 0.591374920
4.4076829 0.591389120
4.4083495 0.591403240
4.4090157 0.591417250
4.4096823 0.591431180
4.4103489 0.591445010
4.4110160 0.591458770
4.4116826 0.591472420
4.4123487 0.591485970
4.4130154 0.591499440
4.4136820 0.591512820
4.4143486 0.591526100
4.4150147 0.591539280
4.4156814 0.591552380
4.4163480 0.591565390
4.4170141 0.591578290
4.4176483 0.591590490
4.4183145 0.591603210
4.4189806 0.591615840
4.4196472 0.591628380
4.4203138 0.591640830
4.4209805 0.591653190
4.4216461 0.591665440
4.4223127 0.591677610
4.4229794 0.591689680
4.4236460 0.591701670
4.4243116 0.591713540
4.4249783 0.591725330
4.4256449 0.591737040
4.4263115 0.591748640
4.4269772 0.591760140
4.4276438 0.591771560
4.4283104 0.591782880
4.4289761 0.591794100
4.4296427 0.591805240
4.4303093 0.591816280
4.4309750 0.591827210
4.4316416 0.591838060
4.4323082 0.591848820
4.4329739 0.591859470
4.4336405 0.591870040
4.4343071 0.591880510
4.4349728 0.591890870
4.4356394 0.591901160
4.4363050 0.591911330
4.4369717 0.591921420
4.4376378 0.591931410
4.4383039 0.591941310
4.4389706 0.591951120
4.4396362 0.591960810
4.4403028 0.591970430
4.4409685 0.591979940
4.4416351 0.591989360
4.4423008 0.591998680
4.4429674 0.592007910
4.4436331 0.592017030
4.4442997 0.592026070
4.4449654 0.592035000
4.4456320 0.592043850
4.4462976 0.592052590
4.4469643 0.592061250
4.4476299 0.592069800
4.4482965 0.592078260
4.4489622 0.592086610
4.4496284 0.592094880
4.4502945 0.592103040
4.4509602 0.592111110
4.4516268 0.592119090
4.4522924 0.592126960
4.4529591 0.592134740
4.4536247 0.592142420
4.4542904 0.592150000
4.4549570 0.592157500
4.4556227 0.592164880
4.4562883 0.592172170
4.4569550 0.592179370
4.4576206 0.592186470
4.4582863 0.592193460
4.4589529 0.592200370
4.4596186 0.592207180
4.4602842 0.592213880
4.4609509 0.592220500
4.4616165 0.592227000
4.4622822 0.592233420
4.4629478 0.592239730
4.4636145 0.592245950
4.4642472 0.592251770
4.4649134 0.592257800
4.4655790 0.592263720
4.4662452 0.592269550
4.4669108 0.592275280
4.4675770 0.592280920
4.4682426 0.592286450
4.4689083 0.592291880
4.4695745 0.592297220
4.4702401 0.592302460
4.4709058 0.592307590
4.4715719 0.592312640
4.4722376 0.592317580
4.4729033 0.592322420
4.4735694 0.592327160
4.4742351 0.592331800
4.4749007 0.592336350
4.4755664 0.592340790
4.4762325 0.592345140
4.4768982 0.592349390
4.4775639 0.592353530
4.4782295 0.592357580
4.4788952 0.592361530
4.4795609 0.592365370
4.4802270 0.592369120
4.4808927 0.592372770
4.4815583 0.592376320
4.4822240 0.592379770
4.4828897 0.592383120
4.4835553 0.592386360
4.4842210 0.592389510
4.4848866 0.592392560
4.4855523 0.592395510
4.4862180 0.592398360
4.4868836 0.592401100
4.4875493 0.592403750
4.4882150 0.592406300
4.4888802 0.592408740
4.4895458 0.592411090
4.4902115 0.592413330
4.4908772 0.592415470
4.4915428 0.592417520
4.4922085 0.592419460
4.4928741 0.592421300
4.4935393 0.592423040
4.4942050 0.592424680
4.4948707 0.592426220
4.4955363 0.592427650
4.4962015 0.592428990
4.4968672 0.592430220
4.4975328 0.592431350
4.4981980 0.592432390
4.4988637 0.592433320
4.4995294 0.592434140
4.5001945 0.592434870
4.5008602 0.592435490
4.5015254 0.592436020
4.5021911 0.592436440
4.5028567 0.592436760
4.5035219 0.592436980
4.5041876 0.592437090
4.5048528 0.592437110
4.5055184 0.592437020
4.5061836 0.592436830
4.5068488 0.592436540
4.5075145 0.592436140
4.5081797 0.592435640
4.5088453 0.592435040
4.5095105 0.592434340
4.5101762 0.592433540
4.5108085 0.592432680
4.5114737 0.592431670
4.5121393 0.592430570
4.5128045 0.592429360
4.5134697 0.592428040
4.5141354 0.592426630
4.5148005 0.592425110
4.5154657 0.592423490
4.5161314 0.592421760
4.5167961 0.592419940
4.5174618 0.592418010
4.5181270 0.592415970
4.5187922 0.592413840
4.5194573 0.592411600
4.5201225 0.592409250
4.5207882 0.592406810
4.5214529 0.592404260
4.5221186 0.592401600
4.5227833 0.592398850
4.5234489 0.592395990
4.5241137 0.592393020
4.5247793 0.592389950
4.5254440 0.592386780
4.5261097 0.592383510
4.5267744 0.592380130
4.5274401 0.592376640
4.5281048 0.592373060
4.5287700 0.592369370
4.5294352 0.592365570
4.5301003 0.592361670
4.5307655 0.592357670
4.5314307 0.592353560
4.5320959 0.592349350
4.5327606 0.592345030
4.5334258 0.592340610
4.5340910 0.592336090
4.5347557 0.592331460
4.5354214 0.592326720
4.5360861 0.592321890
4.5367513 0.592316940
4.5374165 0.592311890
4.5380812 0.592306740
4.5387464 0.592301480
4.5394115 0.592296120
4.5400763 0.592290660
4.5407410 0.592285090
4.5414062 0.592279410
4.5420713 0.592273620
4.5427361 0.592267740
4.5434012 0.592261750
4.5440660 0.592255650
4.5447311 0.592249450
4.5453959 0.592243140
4.5460610 0.592236730
4.5467257 0.592230210
4.5473909 0.592223580
4.5480556 0.592216860
4.5487204 0.592210020
4.5493855 0.592203080
4.5500503 0.592196040
4.5506825 0.592189240
4.5513473 0.592181990
4.5520120 0.592174630
4.5526772 0.592167160
4.5533419 0.592159600
4.5540071 0.592151920
4.5546718 0.592144140
4.5553370 0.592136250
4.5560017 0.592128250
4.5566664 0.592120160
4.5573311 0.592111950
4.5579958 0.592103640
4.5586605 0.592095230
4.5593257 0.592086700
4.5599904 0.592078070
4.5606551 0.592069330
4.5613198 0.592060490
4.5619845 0.592051540
4.5626493 0.592042490
4.5633140 0.592033320
4.5639787 0.592024060
4.5646434 0.592014680
4.5653081 0.592005200
4.5659728 0.591995610
4.5666375 0.591985920
4.5673022 0.591976110
4.5679669 0.591966200
4.5686312 0.591956190
4.5692959 0.591946070
4.5699606 0.591935840
4.5706253 0.591925500
4.5712900 0.591915060
4.5719547 0.591904510
4.5726190 0.591893860
4.5732837 0.591883090
4.5739484 0.591872220
4.5746131 0.591861240
4.5752773 0.591850160
4.5759420 0.591838960
4.5766068 0.591827660
4.5772710 0.591816260
4.5779357 0.591804740
4.5786004 0.591793120
4.5792646 0.591781390
4.5799294 0.591769550
4.5805936 0.591757610
4.5812583 0.591745560
4.5819230 0.591733390
4.5825872 0.591721130
4.5832520 0.591708750
4.5839162 0.591696270
4.5845809 0.591683680
4.5852451 0.591670980
4.5859094 0.591658180
4.5865741 0.591645260
4.5872383 0.591632240
4.5879030 0.591619110
4.5885673 0.591605870
4.5892315 0.591592530
4.5898962 0.591579070
4.5905604 0.591565510
4.5912247 0.591551840
4.5918565 0.591538740
4.5925207 0.591524860
4.5931849 0.591510880
4.5938492 0.591496780
4.5945139 0.591482570
4.5951781 0.591468260
4.5958424 0.591453840
4.5965066 0.591439310
4.5971708 0.591424670
4.5978351 0.591409920
4.5984993 0.591395070
4.5991640 0.591380100
4.5998282 0.591365020
4.6004925 0.591349840
4.6011567 0.591334550
4.6018209 0.591319150
4.6024852 0.591303650
4.6031494 0.591288030
4.6038136 0.591272310
4.6044779 0.591256470
4.6051416 0.591240540
4.6058064 0.591224480
4.6064701 0.591208330
4.6071343 0.591192060
4.6077981 0.591175690
4.6084623 0.591159200
4.6091266 0.591142600
4.6097908 0.591125900
4.6104546 0.591109090
4.6111188 0.591092170
4.6117830 0.591075140
4.6124473 0.591057990
4.6131110 0.591040750
4.6137753 0.591023390
4.6144395 0.591005920
4.6151037 0.590988340
4.6157675 0.590970660
4.6164317 0.590952860
4.6170955 0.590934960
4.6177597 0.590916940
4.6184235 0.590898820
4.6190877 0.590880590
4.6197519 0.590862240
4.6204157 0.590843790
4.6210799 0.590825230
4.6217437 0.590806560
4.6224079 0.590787780
4.6230717 0.590768890
4.6237359 0.590749890
4.6243997 0.590730780
4.6250639 0.590711560
4.6257277 0.590692230
4.6263914 0.590672800
4.6270223 0.590654230
4.6276865 0.590634570
4.6283503 0.590614820
4.6290140 0.590594950
4.6296782 0.590574960
4.6303420 0.590554870
4.6310058 0.590534680
4.6316695 0.590514370
4.6323338 0.590493940
4.6329975 0.590473410
4.6336613 0.590452780
4.6343250 0.590432030
4.6349888 0.590411170
4.6356525 0.590390210
4.6363168 0.590369110
4.6369805 0.590347930
4.6376443 0.590326630
4.6383080 0.590305220
4.6389718 0.590283700
4.6396356 0.590262080
4.6402993 0.590240340
4.6409631 0.590218490
4.6416268 0.590196530
4.6422906 0.590174460
4.6429543 0.590152280
4.6436181 0.590129990
4.6442819 0.590107590
4.6449451 0.590085090
4.6456089 0.590062470
4.6462727 0.590039740
4.6469364 0.590016900
4.6476002 0.589993940
4.6482639 0.589970880
4.6489272 0.589947720
4.6495910 0.589924440
4.6502547 0.589901040
4.6509180 0.589877550
4.6515813 0.589853950
4.6522450 0.589830220
4.6529088 0.589806390
4.6535721 0.589782450
4.6542358 0.589758390
4.6548991 0.589734240
4.6555629 0.589709960
4.6562266 0.589685570
4.6568899 0.589661080
4.6575537 0.589636470
4.6582170 0.589611760
4.6588807 0.589586930
4.6595440 0.589562000
4.6602077 0.589536950
4.6608710 0.589511800
4.6615348 0.589486520
4.6621981 0.589461150
4.6628613 0.589435670
4.6635251 0.589410050
4.6641884 0.589384350
4.6648188 0.589359820
4.6654825 0.589333880
4.6661458 0.589307850
4.6668091 0.589281710
4.6674728 0.589255440
4.6681356 0.589229100
4.6687994 0.589202600
4.6694627 0.589176020
4.6701260 0.589149320
4.6707897 0.589122500
4.6714525 0.589095600
4.6721163 0.589068550
4.6727796 0.589041410
4.6734428 0.589014160
4.6741061 0.588986800
4.6747694 0.588959320
4.6754332 0.588931720
4.6760960 0.588904050
4.6767597 0.588876220
4.6774225 0.588848320
4.6780863 0.588820280
4.6787491 0.588792160
4.6794128 0.588763890
4.6800756 0.588735550
4.6807389 0.588707080
4.6814022 0.588678490
4.6820655 0.588649800
4.6827288 0.588620990
4.6833916 0.588592100
4.6840553 0.588563050
4.6847181 0.588533930
4.6853814 0.588504680
4.6860447 0.588475320
4.6867075 0.588445870
4.6873713 0.588416270
4.6880341 0.588386590
4.6886969 0.588356810
4.6893606 0.588326870
4.6900234 0.588296870
4.6906862 0.588266750
4.6913500 0.588236480
4.6920128 0.588206140
4.6926756 0.588175690
4.6933389 0.588145110
4.6940022 0.588114410
4.6946645 0.588083650
4.6952944 0.588054300
4.6959577 0.588023270
4.6966205 0.587992160
4.6972837 0.587960920
4.6979465 0.587929590
4.6986098 0.587898120
4.6992726 0.587866570
4.6999354 0.587834900
4.7005987 0.587803100
4.7012615 0.587771210
4.7019243 0.587739210
4.7025876 0.587707080
4.7032504 0.587674860
4.7039132 0.587642530
4.7045765 0.587610060
4.7052393 0.587577510
4.7059021 0.587544840
4.7065649 0.587512060
4.7072277 0.587479180
4.7078910 0.587446160
4.7085538 0.587413050
4.7092166 0.587379830
4.7098794 0.587346490
4.7105422 0.587313050
4.7112050 0.587279500
4.7118678 0.587245840
4.7125306 0.587212060
4.7131934 0.587178170
4.7138562 0.587144180
4.7145190 0.587110070
4.7151818 0.587075850
4.7158446 0.587041520
4.7165074 0.587007080
4.7171702 0.586972530
4.7178330 0.586937860
4.7184958 0.586903090
4.7191586 0.586868210
4.7198210 0.586833240
4.7204838 0.586798130
4.7211466 0.586762910
4.7218094 0.586727590
4.7224722 0.586692150
4.7231345 0.586656620
4.7237973 0.586620960
4.7244601 0.586585190
4.7251229 0.586549310
4.7257853 0.586513340
4.7264481 0.586477240
4.7271104 0.586441050
4.7277732 0.586404720
4.7284360 0.586368290
4.7290983 0.586331770
4.7297611 0.586295110
4.7303905 0.586260200
4.7310534 0.586223320
4.7317152 0.586186390
4.7323780 0.586149300
4.7330408 0.586112090
4.7337036 0.586074780
4.7343655 0.586037410
4.7350283 0.585999870
4.7356911 0.585962220
4.7363529 0.585924520
4.7370157 0.585886650
4.7376781 0.585848700
4.7383404 0.585810640
4.7390032 0.585772440
4.7396650 0.585734180
4.7403278 0.585695760
4.7409906 0.585657230
4.7416525 0.585618640
4.7423153 0.585579890
4.7429771 0.585541080
4.7436399 0.585502110
4.7443023 0.585463050
4.7449646 0.585423890
4.7456274 0.585384590
4.7462893 0.585345230
4.7469521 0.585305700
4.7476139 0.585266130
4.7482767 0.585226380
4.7489386 0.585186580
4.7496014 0.585146620
4.7502632 0.585106600
4.7509260 0.585066410
4.7515879 0.585026180
4.7522507 0.584985770
4.7529125 0.584945310
4.7535753 0.584904690
4.7542372 0.584864010
4.7548990 0.584823220
4.7555618 0.584782270
4.7562237 0.584741260
4.7568865 0.584700090
4.7575483 0.584658860
4.7581773 0.584619580
4.7588396 0.584578110
4.7595019 0.584536530
4.7601638 0.584494870
4.7608261 0.584453070
4.7614884 0.584411160
4.7621503 0.584369180
4.7628126 0.584327050
4.7634749 0.584284810
4.7641368 0.584242490
4.7647991 0.584200040
4.7654610 0.584157500
4.7661233 0.584114830
4.7667851 0.584072070
4.7674475 0.584029180
4.7681093 0.583986210
4.7687716 0.583943090
4.7694335 0.583899900
4.7700958 0.583856570
4.7707577 0.583813160
4.7714200 0.583769610
4.7720819 0.583725980
4.7727437 0.583682250
4.7734060 0.583638370
4.7740679 0.583594420
4.7747297 0.583550350
4.7753916 0.583506180
4.7760539 0.583461870
4.7767158 0.583417480
4.7773776 0.583372980
4.7780395 0.583328370
4.7787013 0.583283650
4.7793636 0.583238790
4.7800255 0.583193860
4.7806873 0.583148820
4.7813487 0.583103700
4.7820106 0.583058440
4.7826724 0.583013070
4.7833343 0.582967590
4.7839961 0.582922010
4.7846580 0.582876320
4.7853198 0.582830510
4.7859817 0.582784600
4.7866435 0.582738580
4.7873054 0.582692460
4.7879672 0.582646220
4.7886291 0.582599880
4.7892909 0.582553430
4.7899528 0.582506870
4.7906141 0.582460230
4.7912426 0.582415820
4.7919044 0.582368940
4.7925663 0.582321950
4.7932281 0.582274860
4.7938900 0.582227660
4.7945518 0.582180350
4.7952132 0.582132960
4.7958746 0.582085470
4.7965364 0.582037840
4.7971983 0.581990100
4.7978601 0.581942250
4.7985215 0.581894330
4.7991829 0.581846300
4.7998447 0.581798130
4.8005066 0.581749850
4.8011684 0.581701460
4.8018298 0.581653010
4.8024912 0.581604440
4.8031530 0.581555730
4.8038149 0.581506920
4.8044758 0.581458070
4.8051376 0.581409040
4.8057995 0.581359900
4.8064609 0.581310690
4.8071222 0.581261380
4.8077841 0.581211920
4.8084455 0.581162390
4.8091068 0.581112760
4.8097687 0.581062980
4.8104296 0.581013170
4.8110914 0.580963180
4.8117528 0.580913120
4.8124142 0.580862950
4.8130760 0.580812640
4.8137369 0.580762300
4.8143988 0.580711770
4.8150601 0.580661180
4.8157215 0.580610480
4.8163829 0.580559670
4.8170109 0.580511330
4.8176723 0.580460320
4.8183341 0.580409170
4.8189955 0.580357940
4.8196564 0.580306650
4.8203177 0.580255210
4.8209791 0.580203670
4.8216405 0.580152020
4.8223019 0.580100270
4.8229632 0.580048410
4.8236246 0.579996450
4.8242860 0.579944380
4.8249469 0.579892240
4.8256078 0.579840000
4.8262691 0.579787610
4.8269305 0.579735120
4.8275919 0.579682520
4.8282533 0.579629820
4.8289142 0.579577050
4.8295755 0.579524140
4.8302369 0.579471120
4.8308978 0.579418040
4.8315592 0.579364810
4.8322206 0.579311480
4.8328815 0.579258080
4.8335428 0.579204540
4.8342037 0.579150940
4.8348651 0.579097190
4.8355260 0.579043370
4.8361874 0.578989410
4.8368483 0.578935390
4.8375096 0.578881220
4.8381705 0.578826990
4.8388319 0.578772610
4.8394928 0.578718170
4.8401537 0.578663630
4.8408151 0.578608940
4.8414760 0.578554190
4.8421369 0.578499330
4.8427982 0.578444330
4.8434596 0.578389230
4.8441205 0.578334060
4.8447819 0.578278750
4.8454428 0.578223380
4.8461037 0.578167900
4.8467646 0.578112320
4.8474255 0.578056630
4.8480530 0.578003670
4.8487144 0.577947740
4.8493752 0.577891750
4.8500361 0.577835660
4.8506970 0.577779470
4.8513579 0.577723170
4.8520188 0.577666770
4.8526797 0.577610270
4.8533406 0.577553660
4.8540015 0.577496960
4.8546624 0.577440150
4.8553233 0.577383230
4.8559842 0.577326220
4.8566451 0.577269100
4.8573055 0.577211920
4.8579664 0.577154600
4.8586273 0.577097180
4.8592882 0.577039660
4.8599491 0.576982030
4.8606100 0.576924300
4.8612704 0.576866510
4.8619313 0.576808580
4.8625922 0.576750550
4.8632526 0.576692450
4.8639135 0.576634220
4.8645744 0.576575880
4.8652349 0.576517480
4.8658957 0.576458940
4.8665566 0.576400300
4.8672171 0.576341600
4.8678780 0.576282760
4.8685384 0.576223850
4.8691993 0.576164810
4.8698597 0.576105710
4.8705206 0.576046460
4.8711476 0.575990160
4.8718085 0.575930710
4.8724689 0.575871210
4.8731294 0.575811610
4.8737903 0.575751870
4.8744507 0.575692070
4.8751116 0.575632130
4.8757720 0.575572130
4.8764324 0.575512030
4.8770928 0.575451830
4.8777537 0.575391490
4.8784142 0.575331090
4.8790746 0.575270590
4.8797350 0.575209990
4.8803954 0.575149290
4.8810563 0.575088450
4.8817167 0.575027560
4.8823771 0.574966560
4.8830376 0.574905470
4.8836980 0.574844280
4.8843584 0.574782990
4.8850188 0.574721600
4.8856792 0.574660110
4.8863397 0.574598520
4.8870001 0.574536840
4.8876605 0.574475060
4.8883209 0.574413170
4.8889813 0.574351190
4.8896418 0.574289120
4.8903022 0.574226940
4.8909626 0.574164670
4.8916225 0.574102340
4.8922830 0.574039870
4.8929434 0.573977300
4.8936038 0.573914640
4.8942637 0.573851920
4.8949242 0.573789060
4.8955846 0.573726110
4.8962450 0.573663050
4.8969049 0.573599950
4.8975654 0.573536700
4.8982258 0.573473360
4.8988857 0.573409960
4.8995461 0.573346420
4.9002061 0.573282840
4.9008331 0.573222330
4.9014931 0.573158550
4.9021535 0.573094630
4.9028134 0.573030670
4.9034739 0.572966560
4.9041338 0.572902390
4.9047942 0.572838090
4.9054542 0.572773740
4.9061146 0.572709250
4.9067745 0.572644700
4.9074345 0.572580060
4.9080944 0.572515330
4.9087548 0.572450460
4.9094148 0.572385530
4.9100752 0.572320460
4.9107351 0.572255350
4.9113951 0.572190140
4.9120550 0.572124840
4.9127150 0.572059440
4.9133749 0.571993950
4.9140348 0.571928360
4.9146953 0.571862630
4.9153552 0.571796860
4.9160151 0.571730990
4.9166751 0.571665020
4.9173350 0.571598970
4.9179950 0.571532820
4.9186549 0.571466570
4.9193149 0.571400230
4.9199748 0.571333800
4.9206347 0.571267280
4.9212947 0.571200660
4.9219546 0.571133950
4.9225807 0.571070570
4.9232407 0.571003680
4.9239006 0.570936690
4.9245605 0.570869620
4.9252205 0.570802450
4.9258804 0.570735180
4.9265399 0.570667880
4.9271998 0.570600430
4.9278598 0.570532890
4.9285192 0.570465310
4.9291792 0.570397580
4.9298391 0.570329770
4.9304986 0.570261910
4.9311585 0.570193910
4.9318185 0.570125820
4.9324780 0.570057690
4.9331379 0.569989420
4.9337974 0.569921100
4.9344573 0.569852650
4.9351168 0.569784150
4.9357767 0.569715520
4.9364362 0.569646840
4.9370961 0.569578020
4.9377556 0.569509170
4.9384151 0.569440220
4.9390750 0.569371130
4.9397345 0.569302000
4.9403939 0.569232790
4.9410539 0.569163430
4.9417133 0.569094030
4.9423728 0.569024540
4.9430323 0.568954970
4.9436922 0.568885250
4.9443517 0.568815500
4.9450111 0.568745650
4.9456706 0.568675720
4.9463301 0.568605700
4.9469895 0.568535590
4.9476495 0.568465340
4.9483089 0.568395060
4.9489689 0.568324630
4.9496284 0.568254170
4.9502878 0.568183620
4.9509134 0.568116610
4.9515734 0.568045830
4.9522324 0.567975080
4.9528923 0.567904130
4.9535513 0.567833190
4.9542108 0.567762120
4.9548702 0.567690960
4.9555297 0.567619720
4.9561892 0.567548380
4.9568481 0.567477020
4.9575081 0.567405460
4.9581671 0.567333920
4.9588261 0.567262290
4.9594860 0.567190470
4.9601450 0.567118670
4.9608045 0.567046740
4.9614639 0.566974710
4.9621229 0.566902660
4.9627819 0.566830520
4.9634418 0.566758180
4.9641008 0.566685870
4.9647598 0.566613470
4.9654193 0.566540940
4.9660788 0.566468320
4.9667377 0.566395670
4.9673967 0.566322930
4.9680562 0.566250050
4.9687157 0.566177100
4.9693747 0.566104110
4.9700336 0.566031030
4.9706926 0.565957880
4.9713187 0.565888290
4.9719777 0.565814970
4.9726367 0.565741570
4.9732957 0.565668080
4.9739552 0.565594460
4.9746141 0.565520800
4.9752731 0.565447070
4.9759321 0.565373250
4.9765911 0.565299340
4.9772506 0.565225310
4.9779096 0.565151240
4.9785686 0.565077090
4.9792275 0.565002860
4.9798865 0.564928550
4.9805455 0.564854150
4.9812045 0.564779680
4.9818635 0.564705120
4.9825225 0.564630480
4.9831815 0.564555760
4.9838405 0.564480960
4.9844995 0.564406070
4.9851584 0.564331110
4.9858174 0.564256070
4.9864764 0.564180940
4.9871349 0.564105790
4.9877939 0.564030510
4.9884529 0.563955140
4.9891119 0.563879700
4.9897709 0.563804170
4.9904294 0.563728630
4.9910884 0.563652940
4.9917474 0.563577180
4.9924059 0.563501390
4.9930649 0.563425470
4.9937239 0.563349470
4.9943824 0.563273450
4.9950414 0.563197290
4.9956999 0.563121110
4.9963589 0.563044800
4.9970174 0.562968460
4.9976764 0.562891990
4.9983349 0.562815500
4.9989605 0.562742760
4.9996185 0.562666170
5.0002775 0.562589400
5.1001458 0.555175530
5.1008029 0.555124190
5.1014600 0.555072840
5.1021171 0.555021500
5.1027741 0.554970150
5.1034312 0.554918810
5.1040545 0.554870110
5.1047115 0.554818770
5.1053686 0.554767420
5.1060257 0.554716080
5.1066823 0.554664770
5.1073394 0.554613430
5.1079965 0.554562080
5.1086535 0.554510740
5.1093102 0.554459430
5.1099672 0.554408080
5.1106243 0.554356740
5.1112814 0.554305390
5.1119380 0.554254090
5.1125951 0.554202740
5.1132522 0.554151400
5.1139088 0.554100090
5.1145658 0.554048750
5.1152225 0.553997440
5.1158795 0.553946090
5.1165361 0.553894790
5.1171932 0.553843440
5.1178498 0.553792140
5.1185069 0.553740880
5.1191635 0.553689650
5.1198201 0.553638430
5.1204772 0.553587160
5.1211338 0.553535940
5.1217904 0.553484710
5.1224475 0.553433450
5.1231041 0.553382220
5.1237607 0.553331000
5.1244173 0.553279770
5.1250744 0.553228510
5.1257310 0.553177280
5.1263876 0.553126060
5.1270442 0.553074830
5.1277008 0.553023610
5.1283574 0.552972380
5.1289806 0.552923760
5.1296368 0.552872570
5.1302938 0.552821310
5.1309500 0.552770120
5.1316071 0.552718860
5.1322632 0.552667670
5.1329198 0.552616440
5.1335764 0.552565220
5.1342330 0.552513990
5.1348896 0.552462770
5.1355462 0.552411540
5.1362028 0.552360310
5.1368589 0.552309130
5.1375155 0.552257900
5.1381721 0.552206670
5.1388288 0.552155450
5.1394849 0.552104260
5.1401415 0.552053030
5.1407981 0.552001810
5.1414542 0.551950460
5.1421108 0.551898120
5.1427670 0.551845820
5.1434236 0.551793480
5.1440802 0.551741140
5.1447024 0.551691540
5.1453590 0.551639200
5.1460152 0.551586900
5.1466713 0.551534600
5.1473279 0.551482260
5.1479840 0.551429960
5.1486406 0.551377620
5.1492968 0.551325320
5.1499529 0.551273020
5.1506095 0.551220680
5.1512656 0.551168380
5.1519217 0.551116080
5.1525779 0.551063770
5.1532345 0.551011440
5.1538906 0.550959130
5.1545467 0.550906830
5.1552029 0.550854530
5.1558590 0.550802230
5.1565151 0.550749930
5.1571712 0.550697630
5.1578274 0.550645330
5.1584835 0.550593030
5.1591396 0.550540730
5.1597958 0.550488420
5.1604519 0.550436120
5.1611080 0.550383820
5.1617641 0.550331520
5.1624203 0.550279220
5.1630764 0.550226920
5.1637325 0.550174620
5.1643887 0.550122320
5.1650443 0.550070050
5.1657004 0.550017750
5.1663566 0.549965460
5.1670127 0.549913160
5.1676683 0.549860890
5.1683245 0.549808590
5.1689463 0.549759030
5.1696024 0.549706730
5.1702585 0.549654430
5.1709142 0.549602170
5.1715703 0.549549870
5.1722260 0.549497610
5.1728821 0.549445310
5.1735377 0.549393050
5.1741939 0.549340750
5.1748495 0.549288490
5.1755056 0.549236190
5.1761613 0.549183930
5.1768169 0.549131670
5.1774731 0.549079370
5.1781287 0.549027110
5.1787844 0.548974840
5.1794405 0.548922540
5.1800961 0.548870280
5.1807518 0.548818020
5.1814075 0.548765760
5.1820631 0.548713500
5.1827192 0.548661200
5.1833410 0.548611640
5.1839967 0.548559370
5.1846523 0.548507110
5.1853080 0.548454850
5.1859636 0.548402590
5.1866193 0.548350330
5.1872749 0.548298070
5.1879306 0.548245810
5.1885862 0.548193490
5.1892419 0.548140860
5.1898971 0.548088280
5.1905527 0.548035650
5.1912084 0.547983030
5.1918640 0.547930400
5.1925197 0.547877780
5.1931753 0.547825150
5.1938305 0.547772570
5.1944861 0.547719940
5.1951418 0.547667320
5.1957970 0.547614730
5.1964526 0.547562110
5.1971083 0.547509480
5.1977634 0.547456900
5.1984191 0.547404270
5.1990743 0.547351690
5.1997299 0.547299060
5.2003851 0.547246480
5.2010407 0.547193850
5.2016959 0.547141270
5.2023516 0.547088640
5.2030067 0.547036060
5.2036624 0.546983430
5.2043176 0.546930850
5.2049727 0.546878260
5.2056284 0.546825640
5.2062836 0.546773050
5.2069387 0.546720460
5.2075601 0.546670600
5.2082157 0.546617970
5.2088709 0.546565390
5.2095261 0.546512800
5.2101812 0.546460210
5.2108364 0.546407630
5.2114916 0.546355040
5.2121468 0.546302280
5.2128019 0.546248610
5.2134571 0.546194930
5.2141123 0.546141260
5.2147675 0.546087590
5.2154226 0.546033920
5.2160778 0.545980250
5.2167330 0.545926570
5.2173882 0.545872900
5.2180433 0.545819230
5.2186985 0.545765560
5.2193532 0.545711920
5.2200084 0.545658250
5.2206635 0.545604580
5.2212844 0.545553720
5.2219396 0.545500050
5.2225947 0.545446380
5.2232494 0.545392740
5.2239046 0.545339070
5.2245598 0.545285400
5.2252145 0.545231760
5.2258697 0.545178090
5.2265244 0.545124460
5.2271795 0.545070790
5.2278342 0.545017150
5.2284894 0.544963480
5.2291441 0.544909850
5.2297993 0.544856180
5.2304540 0.544802540
5.2311087 0.544748910
5.2317638 0.544695240
5.2324185 0.544641610
5.2330732 0.544587970
5.2337279 0.544534340
5.2343831 0.544480670
5.2350378 0.544427030
5.2356925 0.544373470
5.2363472 0.544320340
5.2370019 0.544267210
5.2376571 0.544214040
5.2383118 0.544160910
5.2389665 0.544107770
5.2396212 0.544054640
5.2402759 0.544001510
5.2409306 0.543948380
5.2415853 0.543895250
5.2422400 0.543842120
5.2428946 0.543788980
5.2435493 0.543735850
5.2441697 0.543685510
5.2448244 0.543632380
5.2454786 0.543579280
5.2461338 0.543526110
5.2467880 0.543473020
5.2474427 0.543419890
5.2480974 0.543366760
5.2487516 0.543313660
5.2494068 0.543260490
5.2500610 0.543207400
5.2507153 0.543154310
5.2513700 0.543101170
5.2520247 0.543048040
5.2526789 0.542994950
5.2533331 0.542941860
5.2539883 0.542888690
5.2546425 0.542835590
5.2552967 0.542782500
5.2559509 0.542729410
5.2566056 0.542676280
5.2572603 0.542623140
5.2578802 0.542572840
5.2585349 0.542519710
5.2591891 0.542466580
5.2598433 0.542412770
5.2604976 0.542358950
5.2611523 0.542305100
5.2618065 0.542251290
5.2624607 0.542197470
5.2631149 0.542143660
5.2637691 0.542089840
5.2644234 0.542036030
5.2650781 0.541982180
5.2657323 0.541928360
5.2663865 0.541874550
5.2670407 0.541820740
5.2676950 0.541766920
5.2683492 0.541713110
5.2690029 0.541659330
5.2696571 0.541605520
5.2703114 0.541551710
5.2703114 0.541551710
5.3083410 0.538387050
5.3725060 0.533008670
5.4350157 0.527688190
5.4960450 0.522423090
5.5557720 0.517214060
5.6143556 0.512060620
5.6718790 0.506945270
5.7283792 0.501885230
5.7838855 0.496890630
5.8384275 0.491968820
5.8920355 0.487109990
5.9447384 0.482294180
5.9965670 0.477574780
6.0475492 0.472928540
6.0977163 0.468326320
6.1470970 0.463810060
6.1957216 0.459376220
6.2436190 0.454977340
6.2908196 0.450682120
6.3373528 0.446429420
6.3832480 0.442242490
6.4285350 0.438141460
6.4732437 0.434068520
6.5174030 0.430093770
6.5610437 0.426131120
6.6041946 0.422277720
6.6468860 0.418423520
6.6891470 0.414674090
6.7310076 0.410927150
6.7724940 0.407270550
6.8136206 0.403604320
6.8543930 0.400052880
6.8948164 0.396490490
6.9348955 0.393019350
6.9746350 0.389536120
7.0140390 0.386162410
7.0531135 0.382790320
7.0918627 0.379480550
7.1302905 0.376213300
7.1684027 0.372965240
7.2062044 0.369807620
7.2436990 0.366638970
7.2808930 0.363560970
7.3177890 0.360490340
7.3543940 0.357467710
7.3907113 0.354506240
7.4267464 0.351529290
7.4625040 0.348662820
7.4979877 0.345799300
7.5332040 0.342956330
7.5681570 0.340198250
7.6028514 0.337423140
7.6372920 0.334714410
7.6714830 0.332052100
7.7054300 0.329375870
7.7391367 0.326786140
7.7726097 0.324220030
7.8058520 0.321645280
7.8388690 0.319157560
7.8716660 0.316686890
7.9042473 0.314211790
7.9366174 0.311810740
7.9687815 0.309432670
8.0007440 0.307047990
8.0325100 0.304729070
8.0640830 0.302442310
8.0954700 0.300140160
8.1266750 0.297896410
8.1577015 0.295698830
8.1885570 0.293486660
8.2192420 0.291305130
8.2497650 0.289184110
8.2801300 0.287060170
8.3103410 0.284938370
8.3404030 0.282880000
8.3703190 0.280841890
8.4000970 0.278789900
8.4297410 0.276774080
8.4592500 0.274813540
8.4886280 0.272845910
8.5178760 0.270877120
8.5469930 0.268962910
8.5759810 0.267076430
8.6048390 0.265180430
8.6335720 0.263290120
8.6621760 0.261473480
8.6906540 0.259658000
8.7190075 0.257833820
8.7472360 0.256027100
8.7753410 0.254291140
8.8033240 0.252547100
8.8311840 0.250794370
8.8589230 0.249075610
8.8865410 0.247403660
8.9140415 0.245730100
8.9414220 0.244049810
8.9686850 0.242396140
8.9958315 0.240795100
9.0228615 0.239193640
9.0497760 0.237584730
9.0765760 0.235980520
9.1032620 0.234454310
9.1298350 0.232922030
9.1562980 0.231383600
9.1826480 0.229851010
9.2088870 0.228364760
9.2350180 0.226901680
9.2610390 0.225433850
9.2869520 0.223959410
9.3127575 0.222513860
9.3384590 0.221118420
9.3640530 0.219718000
9.3895440 0.218311910
9.4149290 0.216913690
9.4402120 0.215555360
9.4653930 0.214221530
9.4904730 0.212882920
9.5154520 0.211540050
9.5403320 0.210213850
9.5651130 0.208930660
9.5897960 0.207657560
9.6143810 0.206379910
9.6388700 0.205098430
9.6632630 0.203834730
9.6875620 0.202620760
9.7117670 0.201407680
9.7358780 0.200189890
9.7598970 0.198968620
9.7838260 0.197757550
9.8076640 0.196605690
9.8314110 0.195450100
9.8550700 0.194291650
9.8786400 0.193128640
9.9021230 0.191967620
9.9255200 0.190867150
9.9488320 0.189768460
9.9720570 0.188666070
9.9952000 0.187560840
10.0182590 0.186452930
10.0412350 0.185387880
10.0641310 0.184343140
10.0869450 0.183295850
10.1096790 0.182246500
10.1323350 0.181193560
10.1549110 0.180155280
10.1774120 0.179154470
10.1998350 0.178160680
10.2221820 0.177164600
10.2444550 0.176165290
10.2666530 0.175163320
10.2887780 0.174189080
10.3108300 0.173243320
10.3328110 0.172298340
10.3547210 0.171351550
10.3765620 0.170401750
10.3983330 0.169452950
10.4200350 0.168526970
10.4416690 0.167631680
10.4632380 0.166732870
10.4847410 0.165832610
10.5061780 0.164930320
10.5275520 0.164025150
10.5488610 0.163147630
10.5701080 0.162293570
10.5912930 0.161441020
10.6124190 0.160586300
10.6334830 0.159729900
10.6544880 0.158870490
10.6754340 0.158024090
10.6963230 0.157211100
10.7171550 0.156402070
10.7379320 0.155590450
10.7586540 0.154776950
10.7793200 0.153961730
10.7999330 0.153149970
10.8204930 0.152362970
10.8410000 0.151595240
10.8614540 0.150824820
10.8818570 0.150052540
10.9022060 0.149278680
10.9225030 0.148503160
10.9427490 0.147737350
10.9629420 0.147000900
10.9830840 0.146271670
11.0031760 0.145540210
11.0232140 0.144807210
11.0432030 0.144072020
11.0631410 0.143335230
11.0830280 0.142608260
11.1028650 0.141916890
11.1226520 0.141224870
11.1423870 0.140531080
11.1620750 0.139835580
11.1817120 0.139138680
11.2013000 0.138441350
11.2208390 0.137747440
11.2403280 0.137092280
11.2597690 0.136436680
11.2791610 0.135779230
11.2985050 0.135120560
11.3178010 0.134461160
11.3370480 0.133799410
11.3562470 0.133140930
11.3754000 0.132511070
11.3945040 0.131890320
11.4135610 0.131268450
11.4325710 0.130646220
11.4515340 0.130021630
11.4704510 0.129396020
11.4893210 0.128769980
11.5081450 0.128155630
11.5269230 0.127569700
11.5456540 0.126982170
11.5643410 0.126393540
11.5829810 0.125804060
11.6015780 0.125213400
11.6201280 0.124621330
11.6386330 0.124028350
11.6570940 0.123460120
11.6755100 0.122903470
11.6938820 0.122348580
11.7122100 0.121792350
11.7304940 0.121234780
11.7487340 0.120676370
11.7669300 0.120117080
11.7850830 0.119556940
11.8031930 0.119022350
11.8212600 0.118495160
11.8392850 0.117970700
11.8572650 0.117445480
11.8752060 0.116919280
11.8931030 0.116391500
11.9109570 0.115863410
11.9287710 0.115337040
11.9465430 0.114822600
11.9642730 0.114324230
11.9819620 0.113829560
11.9996110 0.113334130
12.0172180 0.112837900
12.0347850 0.112341040
12.0523110 0.111843550
12.0697970 0.111345440
12.0872440 0.110847820
12.1046500 0.110374010
12.1220170 0.109908010
12.1393450 0.109441630
12.1566320 0.108974250
12.1738820 0.108505880
12.1910920 0.108036980
12.2082630 0.107567630
12.2253960 0.107097270
12.2424910 0.106637900
12.2595480 0.106189380
12.2765660 0.105750180
12.2935490 0.105310220
12.3104920 0.104870040
12.3273980 0.104429610
12.3442670 0.103987830
12.3610990 0.103545270
12.3778950 0.103102700
12.3946550 0.102661660
12.4113780 0.102243300
12.4280640 0.101830270
12.4447150 0.101416820
12.4613300 0.101002190
12.4779110 0.100587180
12.4944550 0.100171840
12.5109630 0.099755283
12.5274380 0.099338322
12.5438780 0.098925089
12.5602830 0.098521292
12.5766540 0.098129961
12.5929900 0.097740802
12.6092920 0.097351322
12.6255610 0.096960760
12.6417960 0.096569921
12.6579980 0.096178801
12.6741680 0.095786691
12.6903020 0.095394356
12.7064060 0.095004771
12.7224750 0.094633253
12.7385140 0.094265412
12.7545190 0.093899423
12.7704930 0.093532608
12.7864340 0.093165337
12.8023450 0.092797846
12.8182240 0.092429712
12.8340720 0.092060911
12.8498880 0.091692023
12.8656730 0.091322797
12.8814290 0.090973481
12.8971540 0.090629736
12.9128470 0.090285502
12.9285130 0.089940565
12.9441470 0.089595502
12.9597520 0.089249893
12.9753280 0.088903706
12.9908730 0.088557384
13.0063910 0.088210415
13.0218790 0.087865698
13.0373380 0.087526419
13.0527690 0.087203254
13.0681720 0.086879695
13.0835470 0.086556033
13.0988940 0.086231632
13.1142130 0.085906860
13.1295040 0.085581972
13.1600060 0.084930315
13.1752160 0.084604234
13.1903990 0.084282033
13.2055570 0.083968008
13.2206870 0.083664387
13.2357920 0.083360077
13.2508700 0.083055681
13.2659230 0.082750794
13.2809510 0.082445344
13.2959520 0.082139837
13.3408080 0.081220655
13.3705880 0.080621739
13.4002720 0.080050354
13.4150780 0.079764235
13.4446200 0.079190646
13.4593560 0.078903620
13.4740680 0.078615746
13.4887580 0.078327706
13.5034260 0.078039459
13.5180710 0.077751380
13.5472950 0.077200384
13.5618730 0.076931694
13.5764310 0.076662925
13.6054820 0.076123784
13.6199750 0.075853800
13.6344480 0.075583259
13.6489000 0.075312669
13.6777430 0.074769939
13.7637960 0.073226893
13.7780710 0.072972894
13.8065650 0.072464277
13.8207850 0.072209350
13.8633350 0.071446132
13.8916130 0.070959503
13.9057270 0.070721849
13.9198240 0.070483358
13.9339040 0.070244817
13.9479680 0.070005855
13.9620130 0.069766565
13.9760460 0.069527130
13.9900590 0.069286983
