;;; JWST MIRI LRS FS spectrum of NIR38.
;;;
;;; Reduced by Nicolas Crouzet using the STScI JWST
;;; pipeline1 version 1.8.2, the PUB CRDS server, 
;;; and CRDS context jwst_0986.pmap to obtain the
;;; Stage 1 and Stage 2 products. 
;;;
;;; Published in McClure et al. (2023), Nature Astronomy.
;;; Full observational and data reduction details given 
;;; in the Methods section of that publication.
;;;
;;; Wavelength (micron), Flux (mJy), u_Flux (mJy)
       3.7903018      0.28293998    0.0075102465
       3.9428155      0.52146571     0.010322249
       4.0826325      0.50942789    0.0093483234
       4.2103910      0.43474908    0.0079689695
       4.3272180      0.41634614    0.0063221597
       4.4345370      0.40051773    0.0039703923
       4.5338173      0.39124612    0.0023853035
       4.6265306      0.41501627    0.0012446187
       4.7141457      0.40517502   0.00079003774
       4.7979813      0.42812549   0.00065162539
       4.8786830      0.48943837   0.00058342532
       4.9564934      0.53041315   0.00055758169
       5.0315880      0.53453143   0.00053341350
       5.1041430      0.54568556   0.00050533328
       5.1743364      0.52134750   0.00050513729
       5.2423430      0.50985769   0.00050115481
       5.3083410      0.51629167   0.00049383179
       5.3725060      0.52480608   0.00048109728
       5.4350157      0.49402885   0.00047715813
       5.4960450      0.49986493   0.00050557627
       5.5557720      0.51281126   0.00053121828
       5.6143556      0.49822560   0.00052671152
       5.6718790      0.48654068   0.00051701300
       5.7283792      0.46958523   0.00052001374
       5.7838855      0.43463093   0.00052951957
       5.8384275      0.37381064   0.00046989813
       5.8920355      0.32965860   0.00044893224
       5.9447384      0.31270354   0.00044790356
       5.9965670      0.30109162   0.00045963893
       6.0475492      0.29812547   0.00045761976
       6.0977163      0.30205647   0.00047723813
       6.1470970      0.30503593   0.00046695177
       6.1957216      0.31435526   0.00047365080
       6.2436190      0.32432701   0.00047850581
       6.2908196      0.33355797   0.00047086802
       6.3373528      0.34788992   0.00048975119
       6.3832480      0.35258611   0.00049853651
       6.4285350      0.35829069   0.00051388782
       6.4732437      0.36197577   0.00051133187
       6.5174030      0.36325673   0.00052242484
       6.5610437      0.35276884   0.00053248816
       6.6041946      0.34570899   0.00052098483
       6.6468860      0.32740138   0.00052341944
       6.6891470      0.30850387   0.00050749702
       6.7310076      0.28425872   0.00050102738
       6.7724940      0.27626061   0.00050130541
       6.8136206      0.26676045   0.00050635031
       6.8543930      0.26321201   0.00050659627
       6.8948164      0.26343521   0.00050861211
       6.9348955      0.26804351   0.00051043683
       6.9746350      0.27586309   0.00052096023
       7.0140390      0.28397837   0.00053148931
       7.0531135      0.28672983   0.00054539584
       7.0918627      0.29210544   0.00056460095
       7.1302905      0.29893440   0.00055542026
       7.1684027      0.30492547   0.00057360101
       7.2062044      0.30356876   0.00056634700
       7.2436990      0.30622684   0.00058697826
       7.2808930      0.30595188   0.00059585197
       7.3177890      0.30708563   0.00059979820
       7.3543940      0.30885226   0.00059545122
       7.3907113      0.30618546   0.00060568737
       7.4267464      0.30476503   0.00061269211
       7.4625040      0.30537873   0.00061371121
       7.4979877      0.31074609   0.00062310144
       7.5332040      0.31453313   0.00063466181
       7.5681570      0.31175175   0.00063611230
       7.6028514      0.30619835   0.00064025799
       7.6372920      0.29669694   0.00063733088
       7.6714830      0.28777695   0.00063622595
       7.7054300      0.27775557   0.00063395444
       7.7391367      0.28192899   0.00062978253
       7.7726097      0.28950973   0.00064670058
       7.8058520      0.28998657   0.00064670962
       7.8388690      0.29045213   0.00066290675
       7.8716660      0.28988646   0.00066593434
       7.9042473      0.28792598   0.00066337104
       7.9366174      0.28711301   0.00065843088
       7.9687815      0.28050950   0.00065499631
       8.0007440      0.27754489   0.00065682089
       8.0325100      0.27181958   0.00065827414
       8.0640830      0.26973902   0.00066866227
       8.0954700      0.26000143   0.00065612529
       8.1266750      0.26094837   0.00067272301
       8.1577015      0.24771537   0.00065949552
       8.1885570      0.24724739   0.00066592210
       8.2192420      0.23798763   0.00065658312
       8.2497650      0.23438017   0.00066467534
       8.2801300      0.22800488   0.00067727833
       8.3103410      0.22461795   0.00068647377
       8.3404030      0.22310755   0.00068316581
       8.3703190      0.21442639   0.00067327924
       8.4000970      0.20767159   0.00065910142
       8.4297410      0.19852874   0.00065130961
       8.4592500      0.19672176   0.00065833982
       8.4886280      0.18770534   0.00065164918
       8.5178760      0.18294857   0.00065829443
       8.5469930      0.17651622   0.00067331636
       8.5759810      0.17175255   0.00065381039
       8.6048390      0.16585032   0.00065716093
       8.6335720      0.15823971   0.00064954064
       8.6621760      0.15579460   0.00064958921
       8.6906540      0.14655293   0.00063372604
       8.7190075      0.14180431   0.00064823143
       8.7472360      0.13592450   0.00064329020
       8.7753410      0.12956271   0.00064975315
       8.8033240      0.12169346   0.00065046253
       8.8311840      0.11446526   0.00063592660
       8.8589230      0.10944124   0.00063566976
       8.8865410      0.10555815   0.00063480145
       8.9140415      0.10035567   0.00062159872
       8.9414220     0.093340929   0.00061288473
       8.9686850     0.090277729   0.00060762100
       8.9958315     0.087744894   0.00061575577
       9.0228615     0.082879801   0.00061356922
       9.0497760     0.080989166   0.00062465383
       9.0765760     0.077429883   0.00061938618
       9.1032620     0.078817150   0.00063757391
       9.1298350     0.073669863   0.00061874354
       9.1562980     0.074177140   0.00064132631
       9.1826480     0.072655971   0.00064868727
       9.2088870     0.071493008   0.00064763788
       9.2350180     0.071205585   0.00063791825
       9.2610390     0.068158391   0.00064665462
       9.2869520     0.068735017   0.00063391688
       9.3127575     0.067945055   0.00064879632
       9.3384590     0.064550734   0.00064715681
       9.3640530     0.063075504   0.00066485196
       9.3895440     0.059898039   0.00066427725
       9.4149290     0.060453535   0.00068333350
       9.4402120     0.058204090   0.00067116090
       9.4653930     0.054061014   0.00067280494
       9.4904730     0.057549470   0.00067329583
       9.5154520     0.055587705   0.00067008900
       9.5403320     0.054741900   0.00067055121
       9.5651130     0.050281579   0.00068924434
       9.5897960     0.049532883   0.00068042740
       9.6143810     0.047229286   0.00068624879
       9.6388700     0.046029097   0.00068829238
       9.6632630     0.046969576   0.00070520873
       9.6875620     0.044703317   0.00069362714
       9.7117670     0.043586445   0.00071212605
       9.7358780     0.045696993   0.00070953543
       9.7598970     0.044386633   0.00072244807
       9.7838260     0.044366291   0.00072539511
       9.8076640     0.048423487   0.00075513652
       9.8314110     0.050539173   0.00074882902
       9.8550700     0.051488721   0.00074297390
       9.8786400     0.047604297   0.00075874422
       9.9021230     0.050701360   0.00076781301
       9.9255200     0.052214479   0.00077489989
       9.9488320     0.053105066   0.00080150630
       9.9720570     0.054687413   0.00080412917
       9.9952000     0.057199293   0.00081895862
       10.018259     0.055904656   0.00083153282
       10.041235     0.061677537   0.00085710544
       10.064131     0.062228870   0.00086789188
       10.086945     0.058093685   0.00088818584
       10.109679     0.061399231   0.00088796089
       10.132335     0.060344722   0.00090509384
       10.154911     0.060735575   0.00091609896
       10.177412     0.061885954   0.00093142989
       10.199835     0.062591448   0.00093415251
       10.222182     0.064989813   0.00095948811
       10.244455     0.062345093   0.00094189928
       10.266653     0.059968024   0.00097119371
       10.288778     0.062367886   0.00097567595
       10.310830     0.066420154    0.0010158743
       10.332811     0.065879215    0.0010172130
       10.354721     0.065461206    0.0010320033
       10.376562     0.065043238    0.0010212061
       10.398333     0.065138512    0.0010782351
       10.420035     0.066158273    0.0010763750
       10.441669     0.064267537    0.0011155446
       10.463238     0.062204854    0.0011175971
       10.484741     0.061387584    0.0011594671
       10.506178     0.064327873    0.0011644916
       10.527552     0.063632146    0.0012143485
       10.548861     0.061212131    0.0012152582
       10.570108     0.065697691    0.0012397837
       10.591293     0.066030560    0.0012561287
       10.612419     0.066902884    0.0013033853
       10.633483     0.063075497    0.0012846410
       10.654488     0.066234462    0.0013518317
       10.675434     0.065094343    0.0013124790
       10.696323     0.068637368    0.0013764400
       10.717155     0.065102113    0.0013616356
       10.737932     0.068040387    0.0014161460
       10.758654     0.063118176    0.0014165301
       10.779320     0.065166490    0.0014886705
       10.799933     0.064980623    0.0014456641
       10.820493     0.063993067    0.0015298538
       10.841000     0.057532876    0.0015255579
       10.861454     0.061615172    0.0015519903
       10.881857     0.064563931    0.0015926438
       10.902206     0.065292641    0.0016353575
       10.922503     0.068852670    0.0016919141
       10.942749     0.060273491    0.0017161295
       10.962942     0.056974920    0.0016732808
       10.983084     0.057990948    0.0017618681
       11.003176     0.063895610    0.0018569045
       11.023214     0.059943556    0.0018417712
       11.043203     0.054922900    0.0018531802
       11.063141     0.059954315    0.0018896946
       11.083028     0.060518599    0.0018912281
       11.102865     0.065793973    0.0019789448
       11.122652     0.061000741    0.0019900051
       11.142387     0.060463617    0.0020614580
       11.162075     0.063478907    0.0020990728
       11.181712     0.056772259    0.0021479641
       11.201300     0.061162944    0.0021060338
       11.220839     0.062805408    0.0022182612
       11.240328     0.059849976    0.0021916825
       11.259769     0.052202089    0.0022863263
       11.279161     0.064064335    0.0022888723
       11.298505     0.060239386    0.0024301457
       11.317801     0.060643303    0.0024674765
       11.337048     0.055629956    0.0025535845
       11.356247     0.065474533    0.0025392450
       11.375400     0.057906452    0.0025862061
       11.394504     0.065130464    0.0025692428
       11.413561     0.063777295    0.0026317650
       11.432571     0.050456094    0.0025663420
       11.451534     0.054304330    0.0026800571
       11.470451     0.063511084    0.0026438804
       11.489321     0.060335756    0.0027291815
       11.508145     0.049299687    0.0027268982
       11.526923     0.070056327    0.0028010268
       11.545654     0.073595899    0.0027812227
       11.564341     0.064724844    0.0029759802
       11.582981     0.056733652    0.0030310406
       11.601578     0.054139353    0.0031067171
       11.620128     0.062292142    0.0030533192
       11.638633     0.060754785    0.0031274983
       11.657094     0.070053602    0.0031478173
       11.675510     0.053697976    0.0033039944
       11.693882     0.046270461    0.0033444167
       11.712210     0.057404068    0.0035085818
       11.730494     0.055729315    0.0033925486
       11.748734     0.056157708    0.0036161204
       11.766930     0.070511631    0.0036702336
       11.785083     0.093252957    0.0039181990
       11.803193     0.059245812    0.0041156547
       11.821260     0.065149967    0.0040511382
       11.839285     0.055486704    0.0040420014
       11.857265     0.062277224    0.0044521757
       11.875206     0.068835939    0.0042918642
       11.893103     0.065652563    0.0046265457
       11.910957     0.071503763    0.0045513198
       11.928771     0.067886072    0.0046072584
       11.946543     0.053604588    0.0044925070
       11.964273     0.062391217    0.0047606628
       11.981962     0.061857615    0.0047802240
       11.999611     0.070554666    0.0049395878
       12.017218     0.045585624    0.0050859371
       12.034785     0.066973488    0.0050505846
       12.052311     0.069601283    0.0052017134
       12.069797     0.048139472    0.0052109990
       12.087244     0.046860903    0.0054679816
       12.104650     0.040655758    0.0055334909
       12.122017     0.088040214    0.0060164100
       12.139345     0.085243875    0.0062649580
       12.156632     0.080332404    0.0060143568
       12.173882     0.064506271    0.0058991393
       12.191092     0.040796810    0.0058446695
       12.208263     0.067777504    0.0060755582
       12.225396     0.039344259    0.0061375833
       12.242491     0.062768895    0.0063562493
       12.259548     0.051055993    0.0063705113
       12.276566     0.068398057    0.0066904659
       12.293549     0.078150074    0.0070861457
       12.310492     0.053886689    0.0073029027
       12.327398     0.054973183    0.0073524325
       12.344267     0.062361854    0.0075711781
       12.361099     0.064449003    0.0076562244
       12.377895     0.088903274    0.0091009133
       12.394655     0.060801889    0.0086197183
       12.411378     0.054317479    0.0091141588
       12.428064     0.037985972    0.0086411729
       12.444715     0.079299766    0.0091971062
       12.461330    0.0043645688    0.0083513021
       12.477911     0.051912794    0.0089741468
       12.494455     0.045187670    0.0083947763
       12.510963     0.086008576    0.0093384540
       12.527438     0.057130073    0.0092633153
       12.543878     0.053900969    0.0099932695
       12.560283     0.029545960     0.010102895
       12.576654     0.072223937     0.010111994
       12.592990     0.050114670    0.0098304057
       12.609292     0.023353598     0.011295551
       12.625561     0.044762073     0.010401087
       12.641796     0.064831289     0.010265449
       12.657998     0.045319628     0.011329028
       12.674168     0.074420859     0.012273874
       12.690302     0.044813471     0.011239012
       12.706406     0.050883990     0.011815156
       12.722475     0.026230603     0.012203666
       12.738514      0.10797497     0.012973267
       12.754519     0.016323234     0.010217893
       12.770493     0.068248032     0.013131341
       12.786434     0.065249147     0.011522981
       12.802345     0.068242403     0.012563932
       12.818224     0.090356098     0.011996312
       12.834072     0.074849478     0.013871860
       12.849888     0.073667200     0.013429303
       12.865673     0.044009881     0.012889975
       12.881429     0.042377070     0.012133056
       12.897154     0.045157267     0.013525262
       12.912847     0.052559074     0.011464920
       12.928513     0.052122274     0.012154014
       12.944147     0.095401929     0.013299063
       12.959752     0.033319066     0.013537726
       12.975328     0.048343941     0.014219467
       12.990873     0.080713646     0.014227226
       13.006391     0.070030565     0.014900623
       13.021879     0.043461474     0.016207524
       13.037338    0.0055504967     0.014536752
       13.052769     0.018938448     0.014128184
       13.068172     0.027753963     0.016220771
       13.083547     0.062900992     0.015618498
       13.098894     0.045187602     0.013768802
       13.114213    0.0040112180     0.017406060
       13.129504     0.027655043     0.017043757
       13.160006    0.0061510462     0.016015783
       13.175216     0.056591384     0.015435125
       13.190399    0.0070116426     0.012526622
       13.205557    0.0080823568     0.017480402
       13.220687    0.0031218312     0.016486206
       13.235792     0.023913824     0.017816264
       13.250870     0.057351472     0.015884521
       13.265923     0.033116749     0.017884306
       13.280951     0.047616030     0.017985795
       13.295952     0.075765474     0.017563285
       13.340808     0.042725079     0.017543904
       13.370588     0.017766943     0.017201910
       13.400272    0.0036088447     0.017755969
       13.415078    0.0042041116     0.021839898
       13.444620    0.0067441934     0.018548484
       13.459356     0.048683831     0.017720367
       13.474068      0.13272138     0.020363063
       13.488758     0.059866652     0.017319349
       13.503426     0.013600067     0.020558371
       13.518071     0.099032403     0.024491087
       13.547295     0.019360817     0.022307684
       13.561873     0.023235898     0.022303273
       13.576431     0.023332482     0.019139981
       13.605482      0.15156247     0.029363679
       13.619975     0.014400440     0.023983733
       13.634448     0.070216951     0.029603243
       13.648900     0.012151585     0.030948924
       13.677743     0.020155885     0.026241311
       13.763796     0.024706348     0.040287899
       13.778071      0.12317834     0.029895701
       13.806565    0.0044452604     0.028587451
       13.820785     0.062022818     0.031138508
       13.863335     0.081786772     0.028484467
       13.891613     0.012669942     0.027499188
       13.905727     0.085094174     0.030861902
       13.919824     0.080327219     0.029112094
       13.933904    0.0039510918     0.056314042
       13.947968     0.085193527     0.034942359
       13.962013      0.11645659     0.038423134
       13.976046     0.075505870     0.037770969
       13.990059     0.040473893     0.031274686
       14.004059     0.011519376     0.048318724
