;;; JWST MIRI LRS FS spectrum of J110621.
;;;
;;; Reduced by Nicolas Crouzet using the STScI JWST
;;; pipeline1 version 1.8.2, the PUB CRDS server, 
;;; and CRDS context jwst_0986.pmap to obtain the
;;; Stage 1 and Stage 2 products. 
;;;
;;; Published in McClure et al. (2023), Nature Astronomy.
;;; Full observational and data reduction details given 
;;; in the Methods section of that publication.
;;;
;;; Wavelength (micron), Flux (mJy), u_Flux (mJy)
       3.7902900     0.022189807    0.0030804927
       3.9428034     0.073576875    0.0044417613
       4.0826197     0.072118659    0.0040854555
       4.2103777     0.045232726    0.0033385537
       4.3272047     0.047107492    0.0026342842
       4.4345230     0.041316955    0.0015849976
       4.5338040     0.039942726   0.00081852590
       4.6265163     0.043297699   0.00036855282
       4.7141314     0.043013856   0.00021086434
       4.7979660     0.046367671   0.00016343699
       4.8786690     0.055548682   0.00014337354
       4.9564780     0.061622870   0.00013038282
       5.0315723     0.063348621   0.00012427144
       5.1041280     0.064918588   0.00012170501
       5.1743200     0.063004738   0.00011997208
       5.2423267     0.061843986   0.00011614234
       5.3083250     0.063022444   0.00011682325
       5.3724900     0.063754503   0.00012027106
       5.4349985     0.060616314   0.00011624821
       5.4960280     0.061909001   0.00012403115
       5.5557547     0.064173426   0.00013226270
       5.6143384     0.061686313   0.00013290234
       5.6718616     0.060188197   0.00013005263
       5.7283610     0.058189651   0.00013110616
       5.7838674     0.053058749   0.00012578719
       5.8384094     0.044991800   0.00012091417
       5.8920174     0.039197095   0.00012025387
       5.9447203     0.035280729   0.00011959903
       5.9965487     0.034573969   0.00012328416
       6.0475310     0.033262259   0.00012291490
       6.0976973     0.033732214   0.00012572842
       6.1470785     0.034293820   0.00012884234
       6.1957026     0.036403909   0.00012791103
       6.2436000     0.038277146   0.00013046868
       6.2908000     0.039770532   0.00013069741
       6.3373330     0.042353091   0.00013569731
       6.3832283     0.043124042   0.00013653261
       6.4285150     0.044117517   0.00013982136
       6.4732237     0.044430536   0.00014130769
       6.5173830     0.044740260   0.00014431588
       6.5610237     0.043413953   0.00014703974
       6.6041746     0.041912020   0.00014726145
       6.6468660     0.039085708   0.00014639064
       6.6891260     0.035748979   0.00014611045
       6.7309866     0.033262752   0.00014479208
       6.7724730     0.031162790   0.00014397429
       6.8135996     0.029586608   0.00014574254
       6.8543720     0.029350813   0.00014734314
       6.8947954     0.030315840   0.00014916135
       6.9348740     0.030672098   0.00014972537
       6.9746130     0.032415629   0.00015233923
       7.0140176     0.033889173   0.00015543267
       7.0530920     0.034162768   0.00015956703
       7.0918407     0.035155757   0.00016372341
       7.1302686     0.036896023   0.00016405429
       7.1683807     0.037286745   0.00016898711
       7.2061820     0.038677313   0.00017017670
       7.2436770     0.038735137   0.00017654121
       7.2808704     0.038606412   0.00017581203
       7.3177667     0.038552555   0.00018114476
       7.3543710     0.039097274   0.00018032250
       7.3906890     0.038799247   0.00018364481
       7.4267235     0.038898350   0.00018499125
       7.4624805     0.039018815   0.00019075030
       7.4979650     0.039789272   0.00018951481
       7.5331810     0.040216295   0.00019518967
       7.5681334     0.039737194   0.00019424550
       7.6028280     0.039173066   0.00019829714
       7.6372680     0.037813180   0.00019722888
       7.6714590     0.036500667   0.00019633129
       7.7054060     0.034542853   0.00019162019
       7.7391130     0.036236715   0.00019736357
       7.7725854     0.037796668   0.00020025413
       7.8058280     0.037320868   0.00020148668
       7.8388453     0.037618694   0.00020508561
       7.8716420     0.037842265   0.00020708356
       7.9042230     0.037158384   0.00020610641
       7.9365930     0.037268740   0.00020647028
       7.9687567     0.036394165   0.00020377600
       8.0007190     0.035402432   0.00020883126
       8.0324850     0.035605200   0.00021266933
       8.0640580     0.034416490   0.00021537421
       8.0954460     0.033464555   0.00021301398
       8.1266500     0.033433176   0.00021826076
       8.1576770     0.031038886   0.00021140791
       8.1885310     0.031150746   0.00021666684
       8.2192170     0.029605286   0.00021392305
       8.2497400     0.028414545   0.00021892188
       8.2801040     0.028102864   0.00022254619
       8.3103140     0.026745767   0.00022785776
       8.3403760     0.027407767   0.00022753339
       8.3702940     0.024965884   0.00022530818
       8.4000720     0.024231801   0.00022552927
       8.4297140     0.023838080   0.00022726487
       8.4592250     0.022226444   0.00022778075
       8.4886020     0.021231083   0.00022840085
       8.5178490     0.021409179   0.00023010694
       8.5469670     0.020321187   0.00024924750
       8.5759540     0.019506676   0.00023553651
       8.6048130     0.018713515   0.00024034478
       8.6335450     0.016638896   0.00024200575
       8.6621490     0.016354275   0.00024273636
       8.6906270     0.015604679   0.00023968471
       8.7189810     0.014982279   0.00024538187
       8.7472100     0.014453969   0.00024425542
       8.7753140     0.012351716   0.00024974353
       8.8032960     0.011835859   0.00025281875
       8.8311560     0.010937758   0.00025544429
       8.8588950     0.010573097   0.00025526417
       8.8865150    0.0098227644   0.00025965324
       8.9140150     0.010053673   0.00025212644
       8.9413950    0.0093855302   0.00025719800
       8.9686580    0.0083331328   0.00025668822
       8.9958040    0.0078843002   0.00026034453
       9.0228340    0.0081100410   0.00026798423
       9.0497470    0.0082872554   0.00027399244
       9.0765480    0.0071417665   0.00027116996
       9.1032340    0.0072412365   0.00027557110
       9.1298070    0.0073874741   0.00027424693
       9.1562690    0.0075652285   0.00028312976
       9.1826190    0.0068942097   0.00028522518
       9.2088585    0.0064972073   0.00029111463
       9.2349890    0.0065650862   0.00028711639
       9.2610100    0.0057280409   0.00029006025
       9.2869230    0.0058564729   0.00029018588
       9.3127290    0.0064444053   0.00029668833
       9.3384290    0.0050513739   0.00030234744
       9.3640240    0.0052990366   0.00030930150
       9.3895140    0.0050285955   0.00031235320
       9.4149000    0.0052804087   0.00032133886
       9.4401840    0.0051872122   0.00031402476
       9.4653640    0.0042663770   0.00032186896
       9.4904440    0.0043592338   0.00032312547
       9.5154230    0.0039558898   0.00031999187
       9.5403020    0.0050401416   0.00031871830
       9.5650830    0.0056506388   0.00032774409
       9.5897660    0.0042546489   0.00032740730
       9.6143510    0.0039913105   0.00033575713
       9.6388400    0.0033964025   0.00033614872
       9.6632330    0.0052364928   0.00035082832
       9.6875320    0.0042320728   0.00034427513
       9.7117370    0.0051722147   0.00035645169
       9.7358480    0.0035239862   0.00035354469
       9.7598690    0.0035440100   0.00036021456
       9.7837960    0.0044440246   0.00036341864
       9.8076330    0.0037719618   0.00037160933
       9.8313810    0.0050741224   0.00037063811
       9.8550400    0.0053349751   0.00037334226
       9.8786100    0.0039413160   0.00037243839
       9.9020930    0.0041530879   0.00038288767
       9.9254890    0.0041287724   0.00037724698
       9.9488010    0.0046088791   0.00038766585
       9.9720270    0.0057559023   0.00039568250
       9.9951690    0.0048485362   0.00040216039
       10.018228    0.0055161981   0.00040318113
       10.041204    0.0071708932   0.00041757491
       10.064100    0.0059924325   0.00042636204
       10.086914    0.0059897837   0.00043609064
       10.109648    0.0063540607   0.00043660236
       10.132303    0.0046617924   0.00044981146
       10.154881    0.0045438129   0.00044517078
       10.177380    0.0063607566   0.00046383452
       10.199803    0.0054621773   0.00045582591
       10.222151    0.0047709404   0.00046570103
       10.244423    0.0029111815   0.00046560453
       10.266621    0.0055796420   0.00047642562
       10.288746    0.0061645655   0.00048015797
       10.310799    0.0054533096   0.00049173511
       10.332779    0.0047176688   0.00049370593
       10.354690    0.0059852453   0.00050025098
       10.376530    0.0054531750   0.00050283617
       10.398300    0.0048851674   0.00052630446
       10.420003    0.0064098081   0.00052678238
       10.441638    0.0061833979   0.00054659076
       10.463205    0.0031787289   0.00055560501
       10.484709    0.0056997593   0.00056857601
       10.506146    0.0042745939   0.00056571602
       10.527519    0.0050506320   0.00059693668
       10.548828    0.0061461021   0.00060495591
       10.570076    0.0050963386   0.00061637357
       10.591261    0.0050004544   0.00060996910
       10.612385    0.0041219134   0.00064117338
       10.633450    0.0057344069   0.00063076599
       10.654455    0.0067748255   0.00065344883
       10.675402    0.0056248527   0.00065756989
       10.696291    0.0048479864   0.00067557337
       10.717123    0.0060591679   0.00068607516
       10.737899    0.0053751188   0.00069924120
       10.758619    0.0039715525   0.00071752355
       10.779286    0.0013772478   0.00072985838
       10.799900    0.0046407227   0.00073467285
       10.820459    0.0020304271   0.00074313100
       10.840967    0.0040483040   0.00075978197
       10.861422    0.0034072510   0.00077580185
       10.881823    0.0042931751   0.00078739514
       10.902172    0.0031094319   0.00081473043
       10.942715    0.0081889056   0.00086802601
       10.962908    0.0061310906   0.00085344875
       10.983050    0.0074233790   0.00089477089
       11.003141    0.0070272873   0.00091298767
       11.023180    0.0030368184   0.00091019242
       11.043169    0.0067127195   0.00092942386
       11.063107    0.0043135446   0.00094594165
       11.082994    0.0070480541   0.00096195952
       11.102831    0.0031539588   0.00097902925
       11.122618    0.0038455836    0.0010073098
       11.142353    0.0030721654    0.0010204962
       11.162041    0.0022932080    0.0010352494
       11.201265    0.0030924976    0.0010788894
       11.220804    0.0048041119    0.0011014403
       11.240293    0.0031209899    0.0011084105
       11.259734   0.00085159442    0.0011436039
       11.279127    0.0048038030    0.0011608584
       11.298470    0.0028448526    0.0012268146
       11.317765    0.0017442270    0.0012357583
       11.337013    0.0075507455    0.0012811488
       11.356213    0.0026157286    0.0012502451
       11.375364    0.0045372533    0.0012862874
       11.394468    0.0017227311    0.0013139771
       11.413527    0.0016797930    0.0013044786
       11.432535    0.0025136183    0.0013254949
       11.451500   0.00019182787    0.0013490958
       11.470415    0.0031288981    0.0013311822
       11.489285    0.0022094001    0.0013933021
       11.508110    0.0078674299    0.0014010464
       11.526888    0.0017995600    0.0014300620
       11.564306    0.0063546907    0.0014863676
       11.582947    0.0054004927    0.0015221508
       11.601541   0.00053926653    0.0015580255
       11.620091    0.0050395553    0.0015598707
       11.657058    0.0050724002    0.0015993508
       11.675474    0.0048960450    0.0016149940
       11.693846    0.0027609246    0.0016945337
       11.712173    0.0064522021    0.0017829675
       11.730457    0.0034090833    0.0017122222
       11.748697    0.0087707810    0.0018137874
       11.766893    0.0012634926    0.0018529900
       11.785047    0.0055135441    0.0019869657
       11.803157    0.0050334091    0.0019688302
       11.857229    0.0017932357    0.0021981828
       11.875168    0.0069862306    0.0022285965
       11.893066     0.015801909    0.0023158432
       11.910921    0.0022580000    0.0022265320
       11.928734    0.0052386789    0.0023494805
       12.034748    0.0051754926    0.0026345032
       12.052275    0.0019433511    0.0025916614
       12.087207    0.0056845337    0.0028021632
       12.104613    0.0043692487    0.0026743025
       12.139307    0.0046783168    0.0031216240
       12.156595    0.0096137203    0.0030372878
       12.191053    0.0044122653    0.0029812117
       12.242454    0.0060763728    0.0032442061
       12.259510    0.0071321291    0.0032501957
       12.276529    0.0090368893    0.0034297839
       12.327360    0.0036197615    0.0037662850
       12.377857     0.034780424    0.0046240627
       12.394617     0.022465126    0.0043353241
       12.411340     0.021409858    0.0045705672
       12.527399    0.0097364816    0.0047849916
       12.560244    0.0049238009    0.0052101200
       12.576614    0.0032507555    0.0052838138
       12.625523    0.0037767020    0.0053461779
       12.865634     0.011341095    0.0065009767
       12.881390    0.0085357094    0.0062855489
       12.897114     0.013159728    0.0067485499
       12.912808    0.0016856694    0.0060014922
       12.944107    0.0055617173    0.0066935233
       12.959712    0.0017791557    0.0069282751
       13.006350     0.018378255    0.0075188988
       13.021839     0.038501217    0.0080544916
       13.037298     0.011928166    0.0075474281
       13.052729     0.019939501    0.0071083820
       13.068132     0.017621562    0.0086099998
       13.083507     0.016969180    0.0074445624
       13.114172    0.0093832396    0.0088740782
       13.129463    0.0049285078    0.0084875406
       13.144728   0.00051190138    0.0088895485
       13.220646    0.0074297636    0.0082789357
       13.280909     0.019167856    0.0092037340
       13.340766    0.0029230813    0.0091203326
       13.355669     0.015231365    0.0088533840
       13.370546     0.025495189    0.0086547596
       13.385401    0.0096465443    0.0084539096
       13.400230     0.014661976    0.0087775168
       13.474028   0.00099969325    0.0099880046
       13.488717     0.015130359    0.0094259184
       13.503385    0.0062413330     0.010127855
       13.518029     0.049050263     0.012149691
       13.561831     0.042076372     0.011284408
       13.576389    0.0026244449    0.0090322851
       13.605440    0.0053102305     0.014630866
       13.634405     0.053603897     0.014378723
       13.648857     0.014878087     0.014936341
       13.663290    0.0070424180     0.013538060
       13.677700     0.023242836     0.012604231
       13.692091     0.050571665     0.011655500
       13.706463     0.043520230     0.011362415
       13.720816     0.045349077     0.013228433
       13.778028     0.040275538     0.014891389
       13.863292     0.023912480     0.013830303
       13.891571     0.035079573     0.013890965
       13.905684     0.010788889     0.014339847
       13.961971     0.069030600     0.017127650
       13.976002     0.074095939     0.017985263
