# wavelength_(/cm) continuum_(mJy)
2.7388065 0.017388016
2.7394874 0.017418948
2.7401683 0.017449868
2.7408493 0.017480772
2.7415302 0.017511665
2.7422111 0.017542542
2.7428920 0.017573407
2.7435729 0.017604258
2.7442538 0.017635097
2.7449347 0.017665920
2.7456155 0.017696731
2.7462964 0.017727529
2.7469773 0.017758314
2.7476582 0.017789084
2.7483390 0.017819841
2.7490199 0.017850586
2.7497007 0.017881315
2.7503816 0.017912033
2.7510624 0.017942736
2.7517433 0.017973427
2.7524241 0.018004103
2.7531049 0.018034766
2.7537857 0.018065416
2.7544666 0.018096052
2.7551474 0.018126675
2.7558282 0.018157285
2.7565090 0.018187881
2.7571898 0.018218464
2.7578706 0.018249034
2.7585513 0.018279590
2.7592321 0.018310132
2.7599129 0.018340661
2.7605937 0.018371177
2.7612744 0.018401681
2.7619552 0.018432170
2.7626360 0.018462645
2.7633167 0.018493108
2.7639975 0.018523556
2.7646782 0.018553993
2.7653589 0.018584415
2.7660397 0.018614824
2.7667204 0.018645220
2.7674011 0.018675602
2.7680818 0.018705971
2.7687625 0.018736326
2.7694432 0.018766670
2.7701239 0.018796999
2.7708046 0.018827314
2.7714853 0.018857616
2.7721660 0.018887905
2.7728467 0.018918181
2.7735274 0.018948443
2.7742080 0.018978692
2.7748887 0.019008927
2.7755694 0.019039151
2.7762500 0.019069360
2.7769307 0.019099555
2.7776113 0.019129738
2.7782920 0.019159907
2.7789726 0.019190062
2.7796532 0.019220206
2.7803338 0.019250335
2.7810145 0.019280451
2.7816951 0.019310553
2.7823757 0.019340644
2.7830563 0.019370720
2.7837369 0.019400782
2.7844175 0.019430833
2.7850981 0.019460869
2.7857787 0.019490891
2.7864592 0.019520902
2.7871398 0.019550898
2.7878204 0.019580882
2.7885009 0.019610852
2.7891815 0.019640809
2.7898621 0.019670752
2.7905426 0.019700683
2.7912231 0.019730600
2.7919037 0.019760504
2.7925842 0.019790394
2.7932647 0.019820272
2.7939453 0.019850136
2.7946258 0.019879988
2.7953063 0.019909825
2.7959868 0.019939649
2.7966673 0.019969461
2.7973478 0.019999259
2.7980283 0.020029043
2.7987088 0.020058815
2.7993893 0.020088573
2.8000698 0.020118320
2.8007502 0.020148052
2.8014307 0.020177771
2.8021112 0.020207476
2.8027916 0.020237169
2.8034721 0.020266848
2.8041525 0.020296514
2.8048330 0.020326167
2.8055134 0.020355807
2.8061938 0.020385433
2.8068743 0.020415047
2.8075547 0.020444647
2.8082351 0.020474234
2.8089155 0.020503809
2.8095959 0.020533369
2.8102763 0.020562917
2.8109567 0.020592452
2.8116371 0.020621972
2.8123175 0.020651480
2.8129979 0.020680976
2.8136783 0.020710458
2.8143586 0.020739926
2.8150390 0.020769383
2.8157194 0.020798825
2.8163997 0.020828254
2.8170801 0.020857670
2.8177604 0.020887073
2.8184407 0.020916464
2.8191211 0.020945840
2.8198014 0.020975205
2.8204817 0.021004556
2.8211621 0.021033894
2.8218424 0.021063217
2.8225227 0.021092529
2.8232030 0.021121827
2.8238833 0.021151112
2.8245636 0.021180385
2.8252439 0.021209643
2.8259242 0.021238889
2.8266045 0.021268122
2.8272847 0.021297342
2.8279650 0.021326549
2.8286453 0.021355743
2.8293255 0.021384923
2.8300058 0.021414091
2.8306860 0.021443245
2.8313663 0.021472387
2.8320465 0.021501514
2.8327267 0.021530629
2.8334070 0.021559733
2.8340872 0.021588822
2.8347674 0.021617897
2.8354476 0.021646960
2.8361278 0.021676011
2.8368081 0.021705047
2.8374883 0.021734072
2.8381684 0.021763082
2.8388486 0.021792080
2.8395288 0.021821065
2.8402090 0.021850037
2.8408892 0.021878996
2.8415693 0.021907941
2.8422495 0.021936874
2.8429297 0.021965794
2.8436098 0.021994701
2.8442900 0.022023595
2.8449701 0.022052475
2.8456503 0.022081343
2.8463304 0.022110198
2.8470105 0.022139040
2.8476906 0.022167869
2.8483708 0.022196685
2.8490509 0.022225487
2.8497310 0.022254278
2.8504111 0.022283054
2.8510912 0.022311819
2.8517713 0.022340570
2.8524514 0.022369307
2.8531315 0.022398032
2.8538115 0.022426744
2.8544916 0.022455443
2.8551717 0.022484130
2.8558517 0.022512803
2.8565318 0.022541464
2.8572118 0.022570110
2.8578919 0.022598745
2.8585719 0.022627367
2.8592520 0.022655975
2.8599320 0.022684571
2.8606120 0.022713153
2.8612921 0.022741722
2.8619721 0.022770280
2.8626521 0.022798823
2.8633321 0.022827354
2.8640121 0.022855873
2.8646921 0.022884378
2.8653721 0.022912870
2.8660521 0.022941349
2.8667321 0.022969815
2.8674120 0.022998269
2.8680920 0.023026709
2.8687720 0.023055137
2.8694519 0.023083552
2.8701319 0.023111954
2.8708118 0.023140343
2.8714918 0.023168719
2.8721717 0.023197083
2.8728517 0.023225433
2.8735316 0.023253769
2.8742115 0.023282094
2.8748915 0.023310406
2.8755714 0.023338705
2.8762513 0.023366992
2.8769312 0.023395265
2.8776111 0.023423526
2.8782910 0.023451772
2.8789709 0.023480007
2.8796508 0.023508229
2.8803306 0.023536438
2.8810105 0.023564634
2.8816904 0.023592818
2.8823703 0.023620988
2.8830501 0.023649146
2.8837300 0.023677289
2.8844098 0.023705421
2.8850897 0.023733540
2.8857695 0.023761647
2.8864493 0.023789740
2.8871292 0.023817822
2.8878090 0.023845890
2.8884888 0.023873945
2.8891686 0.023901987
2.8898484 0.023930016
2.8905283 0.023958032
2.8912081 0.023986037
2.8918878 0.024014027
2.8925676 0.024042005
2.8932474 0.024069971
2.8939272 0.024097923
2.8946070 0.024125864
2.8952867 0.024153792
2.8959665 0.024181705
2.8966463 0.024209607
2.8973260 0.024237496
2.8980058 0.024265372
2.8986855 0.024293234
2.8993653 0.024321085
2.9000450 0.024348924
2.9007247 0.024376749
2.9014045 0.024404561
2.9020842 0.024432360
2.9027639 0.024460146
2.9034436 0.024487921
2.9041233 0.024515682
2.9048030 0.024543431
2.9054827 0.024571167
2.9061624 0.024598889
2.9068421 0.024626600
2.9075217 0.024654297
2.9082014 0.024681982
2.9088811 0.024709656
2.9095607 0.024737315
2.9102404 0.024764961
2.9109201 0.024792596
2.9115997 0.024820216
2.9122794 0.024847826
2.9129590 0.024875422
2.9136386 0.024903005
2.9143183 0.024930576
2.9149979 0.024958133
2.9156775 0.024985678
2.9163571 0.025013210
2.9170367 0.025040731
2.9177163 0.025068237
2.9183959 0.025095732
2.9190755 0.025123214
2.9197551 0.025150683
2.9204347 0.025178139
2.9211143 0.025205583
2.9217938 0.025233015
2.9224734 0.025260432
2.9231530 0.025287839
2.9238325 0.025315232
2.9245121 0.025342613
2.9251916 0.025369980
2.9258712 0.025397335
2.9265507 0.025424678
2.9272302 0.025452008
2.9279098 0.025479325
2.9285893 0.025506630
2.9292688 0.025533922
2.9299483 0.025561201
2.9306278 0.025588467
2.9313073 0.025615722
2.9319868 0.025642964
2.9326663 0.025670193
2.9333458 0.025697410
2.9340253 0.025724613
2.9347047 0.025751804
2.9353842 0.025778983
2.9360637 0.025806149
2.9367431 0.025833302
2.9374226 0.025860443
2.9381021 0.025887571
2.9387815 0.025914685
2.9394609 0.025941789
2.9401404 0.025968879
2.9408198 0.025995957
2.9414992 0.026023022
2.9421787 0.026050075
2.9428581 0.026077116
2.9435375 0.026104142
2.9442169 0.026131158
2.9448963 0.026158160
2.9455757 0.026185149
2.9462551 0.026212127
2.9469345 0.026239092
2.9476138 0.026266044
2.9482932 0.026292984
2.9489726 0.026319911
2.9496520 0.026346825
2.9503313 0.026373727
2.9510107 0.026400617
2.9516900 0.026427494
2.9523694 0.026454358
2.9530487 0.026481210
2.9537280 0.026508050
2.9544074 0.026534876
2.9550867 0.026561691
2.9557660 0.026588493
2.9564453 0.026615282
2.9571246 0.026642059
2.9578039 0.026668823
2.9584832 0.026695575
2.9591625 0.026722314
2.9598418 0.026749041
2.9605211 0.026775756
2.9612004 0.026802457
2.9618797 0.026829147
2.9625589 0.026855823
2.9632382 0.026882488
2.9639175 0.026909140
2.9645967 0.026935779
2.9652760 0.026962406
2.9659552 0.026989020
2.9666344 0.027015623
2.9673137 0.027042212
2.9679929 0.027068789
2.9686721 0.027095353
2.9693513 0.027121905
2.9700306 0.027148446
2.9707098 0.027174973
2.9713890 0.027201488
2.9720682 0.027227990
2.9727474 0.027254481
2.9734266 0.027280957
2.9741057 0.027307423
2.9747849 0.027333875
2.9754641 0.027360316
2.9761433 0.027386743
2.9768224 0.027413158
2.9775016 0.027439562
2.9781807 0.027465952
2.9788599 0.027492330
2.9795390 0.027518696
2.9802182 0.027545049
2.9856511 0.027755429
2.9863302 0.027781671
2.9870093 0.027807900
2.9876883 0.027834118
2.9883674 0.027860323
2.9890465 0.027886515
2.9897256 0.027912695
2.9904046 0.027938862
2.9924418 0.028017290
2.9931208 0.028043409
2.9937998 0.028069514
2.9944789 0.028095608
2.9951579 0.028121690
2.9958369 0.028147759
2.9965159 0.028173815
2.9971950 0.028199858
2.9978740 0.028225890
2.9985530 0.028251909
2.9992320 0.028277917
2.9999110 0.028303912
3.0005899 0.028329894
3.0039848 0.028459622
3.0046637 0.028485530
3.0053427 0.028511426
3.0060216 0.028537311
3.0080584 0.028614889
3.0087374 0.028640724
3.0094163 0.028666546
3.0100952 0.028692357
3.0107741 0.028718154
3.0114530 0.028743941
3.0121319 0.028769714
3.0128108 0.028795474
3.0134897 0.028821224
3.0141686 0.028846961
3.0148475 0.028872685
3.0155263 0.028898398
3.0162052 0.028924097
3.0168841 0.028949785
3.0175629 0.028975461
3.0182418 0.029001124
3.0189206 0.029026775
3.0195995 0.029052414
3.0202783 0.029078040
3.0209572 0.029103653
3.0216360 0.029129255
3.0223148 0.029154846
3.0229936 0.029180424
3.0236725 0.029205988
3.0243513 0.029231542
3.0250301 0.029257082
3.0257089 0.029282611
3.0263877 0.029308128
3.0270664 0.029333632
3.0277452 0.029359124
3.0284240 0.029384605
3.0291028 0.029410072
3.0297815 0.029435527
3.0304603 0.029460971
3.0311391 0.029486403
3.0318178 0.029511822
3.0324966 0.029537228
3.0331753 0.029562623
3.0338541 0.029588005
3.0345328 0.029613375
3.0352115 0.029638733
3.0358902 0.029664079
3.0365690 0.029689412
3.0372477 0.029714734
3.0379264 0.029740043
3.0413198 0.029866409
3.0419985 0.029891645
3.0426772 0.029916870
3.0433559 0.029942082
3.0440345 0.029967282
3.0447132 0.029992470
3.0453918 0.030017646
3.0460705 0.030042809
3.0467491 0.030067961
3.0474278 0.030093100
3.0481064 0.030118228
3.0487850 0.030143343
3.0494636 0.030168446
3.0501423 0.030193537
3.0508209 0.030218616
3.0514995 0.030243683
3.0521781 0.030268738
3.0528567 0.030293780
3.0535353 0.030318811
3.0542138 0.030343830
3.0548924 0.030368836
3.0555710 0.030393831
3.0562496 0.030418813
3.0569281 0.030443783
3.0576067 0.030468741
3.0582853 0.030493687
3.0589638 0.030518620
3.0596424 0.030543542
3.0603209 0.030568453
3.0609994 0.030593350
3.0616780 0.030618235
3.0623565 0.030643110
3.0630350 0.030667970
3.0671060 0.030816888
3.0677845 0.030841665
3.0684630 0.030866430
3.0691415 0.030891184
3.0698199 0.030915925
3.0704984 0.030940655
3.0711769 0.030965371
3.0718553 0.030990077
3.0725338 0.031014769
3.0732122 0.031039451
3.0738907 0.031064120
3.0745691 0.031088777
3.0752475 0.031113422
3.0759259 0.031138056
3.0766044 0.031162676
3.0772828 0.031187285
3.0779612 0.031211883
3.0786396 0.031236468
3.0793180 0.031261041
3.0799964 0.031285603
3.0806748 0.031310152
3.0813532 0.031334690
3.0820315 0.031359214
3.0827099 0.031383728
3.0833883 0.031408230
3.0840666 0.031432719
3.0847450 0.031457196
3.0854234 0.031481661
3.0861017 0.031506116
3.0867800 0.031530556
3.0874584 0.031554987
3.0881367 0.031579404
3.0888150 0.031603811
3.0894934 0.031628204
3.0901717 0.031652586
3.0908500 0.031676956
3.0915283 0.031701314
3.0922066 0.031725660
3.0928849 0.031749994
3.0935632 0.031774317
3.0942415 0.031798627
3.0949198 0.031822925
3.0955981 0.031847211
3.0962763 0.031871486
3.0969546 0.031895749
3.0976329 0.031920000
3.0983111 0.031944239
3.0989894 0.031968466
3.0996676 0.031992681
3.1003459 0.032016885
3.1010241 0.032041075
3.1017023 0.032065256
3.1023806 0.032089423
3.1030588 0.032113578
3.1037370 0.032137723
3.1044152 0.032161855
3.1050934 0.032185974
3.1057716 0.032210083
3.1064498 0.032234179
3.1071280 0.032258264
3.1078062 0.032282336
3.1084844 0.032306396
3.1091625 0.032330445
3.1098407 0.032354483
3.1105189 0.032378508
3.1111970 0.032402521
3.1118752 0.032426523
3.1125534 0.032450512
3.1132315 0.032474489
3.1139096 0.032498456
3.1145878 0.032522410
3.1152659 0.032546352
3.1159440 0.032570283
3.1166222 0.032594202
3.1173003 0.032618108
3.1179784 0.032642003
3.1186565 0.032665886
3.1193346 0.032689758
3.1200127 0.032713617
3.1206908 0.032737465
3.1213689 0.032761301
3.1220469 0.032785126
3.1227250 0.032808938
3.1234031 0.032832738
3.1240812 0.032856527
3.1247592 0.032880305
3.1254373 0.032904069
3.1261153 0.032927823
3.1267934 0.032951565
3.1274714 0.032975295
3.1281494 0.032999013
3.1288275 0.033022719
3.1295055 0.033046414
3.1301835 0.033070096
3.1308615 0.033093768
3.1315395 0.033117427
3.1322176 0.033141074
3.1328955 0.033164710
3.1335735 0.033188334
3.1342515 0.033211946
3.1349295 0.033235546
3.1356075 0.033259135
3.1362855 0.033282713
3.1369634 0.033306278
3.1376414 0.033329831
3.1383194 0.033353373
3.1389973 0.033376903
3.1396753 0.033400422
3.1403532 0.033423928
3.1410312 0.033447423
3.1417091 0.033470907
3.1423870 0.033494378
3.1430649 0.033517837
3.1437429 0.033541285
3.1444208 0.033564723
3.1450987 0.033588147
3.1457766 0.033611559
3.1464545 0.033634961
3.1471324 0.033658350
3.1478103 0.033681728
3.1484881 0.033705094
3.1491660 0.033728449
3.1498439 0.033751792
3.1505218 0.033775123
3.1511996 0.033798443
3.1518775 0.033821751
3.1525553 0.033845047
3.1532332 0.033868330
3.1539110 0.033891604
3.1545889 0.033914865
3.1552667 0.033938114
3.1559445 0.033961352
3.1566224 0.033984578
3.1573002 0.034007793
3.1579780 0.034030995
3.1586558 0.034054187
3.1593336 0.034077366
3.1600114 0.034100533
3.1606892 0.034123691
3.1613670 0.034146834
3.1620448 0.034169968
3.1627225 0.034193090
3.1634003 0.034216199
3.1640781 0.034239298
3.1647558 0.034262384
3.1654336 0.034285459
3.1661113 0.034308522
3.1667891 0.034331574
3.1674668 0.034354614
3.1681446 0.034377642
3.1688223 0.034400659
3.1695000 0.034423664
3.1701777 0.034446657
3.1708555 0.034469639
3.1715332 0.034492610
3.1722109 0.034515569
3.1728886 0.034538516
3.1735663 0.034561453
3.1742440 0.034584376
3.1749217 0.034607289
3.1755993 0.034630190
3.1762770 0.034653079
3.1769547 0.034675956
3.1776324 0.034698823
3.1783100 0.034721677
3.1789877 0.034744521
3.1796653 0.034767352
3.1803430 0.034790173
3.1810206 0.034812981
3.1816982 0.034835778
3.1823759 0.034858563
3.1830535 0.034881336
3.1837311 0.034904099
3.1844087 0.034926850
3.1850863 0.034949589
3.1857639 0.034972317
3.1864415 0.034995033
3.1871191 0.035017737
3.1877967 0.035040431
3.1884743 0.035063113
3.1891519 0.035085782
3.1898295 0.035108441
3.1905070 0.035131087
3.1911846 0.035153723
3.1918622 0.035176346
3.1925397 0.035198960
3.1932173 0.035221560
3.1938948 0.035244151
3.1945724 0.035266728
3.1952499 0.035289294
3.1959274 0.035311849
3.1966049 0.035334392
3.1972825 0.035356924
3.1979600 0.035379446
3.1986375 0.035401955
3.1993150 0.035424453
3.1999925 0.035446937
3.2006700 0.035469412
3.2013475 0.035491876
3.2020250 0.035514327
3.2027024 0.035536768
3.2033799 0.035559197
3.2040574 0.035581614
3.2047348 0.035604019
3.2054123 0.035626414
3.2060898 0.035648797
3.2067672 0.035671169
3.2074446 0.035693530
3.2081221 0.035715877
3.2087995 0.035738215
3.2094769 0.035760541
3.2101544 0.035782854
3.2108318 0.035805158
3.2115092 0.035827449
3.2121866 0.035849730
3.2128640 0.035871997
3.2135414 0.035894255
3.2142188 0.035916501
3.2148962 0.035938736
3.2155736 0.035960958
3.2162509 0.035983170
3.2169283 0.036005370
3.2176057 0.036027559
3.2182831 0.036049737
3.2189604 0.036071903
3.2196378 0.036094056
3.2203151 0.036116199
3.2209925 0.036138331
3.2216698 0.036160452
3.2223471 0.036182561
3.2230244 0.036204658
3.2237018 0.036226746
3.2243791 0.036248821
3.2250564 0.036270884
3.2257337 0.036292936
3.2264110 0.036314976
3.2270883 0.036337007
3.2277656 0.036359024
3.2284429 0.036381030
3.2291202 0.036403027
3.2297974 0.036425010
3.2304747 0.036446983
3.2311520 0.036468945
3.2318292 0.036490894
3.2325065 0.036512833
3.2331837 0.036534761
3.2338610 0.036556677
3.2345382 0.036578582
3.2352155 0.036600475
3.2358927 0.036622357
3.2365699 0.036644227
3.2372471 0.036666086
3.2379244 0.036687935
3.2386016 0.036709771
3.2392788 0.036731597
3.2399560 0.036753411
3.2406332 0.036775214
3.2413104 0.036797006
3.2419876 0.036818785
3.2426647 0.036840554
3.2433419 0.036862312
3.2440191 0.036884059
3.2446962 0.036905794
3.2453734 0.036927517
3.2460506 0.036949230
3.2467277 0.036970931
3.2474049 0.036992621
3.2480820 0.037014299
3.2487591 0.037035966
3.2494363 0.037057623
3.2501134 0.037079267
3.2507905 0.037100902
3.2514676 0.037122524
3.2521447 0.037144134
3.2528218 0.037165735
3.2534989 0.037187324
3.2541760 0.037208900
3.2548531 0.037230466
3.2555302 0.037252021
3.2562073 0.037273565
3.2568844 0.037295097
3.2575614 0.037316618
3.2582385 0.037338128
3.2589155 0.037359627
3.2595926 0.037381115
3.2602696 0.037402591
3.2609467 0.037424056
3.2616237 0.037445509
3.2623008 0.037466952
3.2629778 0.037488383
3.2636548 0.037509803
3.2643318 0.037531212
3.2650088 0.037552610
3.2656859 0.037573996
3.2663629 0.037595372
3.2670399 0.037616735
3.2677169 0.037638088
3.2683938 0.037659430
3.2690708 0.037680761
3.2697478 0.037702080
3.2704248 0.037723387
3.2711017 0.037744685
3.2717787 0.037765971
3.2724557 0.037787246
3.2731326 0.037808509
3.2738096 0.037829761
3.2744865 0.037851003
3.2751634 0.037872232
3.2758404 0.037893451
3.2765173 0.037914658
3.2771942 0.037935854
3.2778711 0.037957041
3.2785481 0.037978214
3.2792250 0.037999377
3.2799019 0.038020529
3.2805788 0.038041671
3.2812557 0.038062800
3.2819325 0.038083919
3.2826094 0.038105025
3.2832863 0.038126121
3.2839632 0.038147207
3.2846400 0.038168280
3.2853169 0.038189344
3.2859938 0.038210396
3.2866706 0.038231436
3.2873475 0.038252465
3.2880243 0.038273484
3.2887011 0.038294492
3.2893780 0.038315488
3.2900548 0.038336472
3.2907316 0.038357446
3.2914084 0.038378409
3.2920852 0.038399361
3.2927620 0.038420301
3.2934388 0.038441232
3.2941156 0.038462149
3.2947924 0.038483057
3.2954692 0.038503953
3.2961460 0.038524839
3.2968228 0.038545712
3.2974995 0.038566576
3.2981763 0.038587427
3.2988531 0.038608269
3.2995298 0.038629098
3.3002066 0.038649917
3.3008833 0.038670725
3.3015601 0.038691522
3.3022368 0.038712309
3.3029135 0.038733083
3.3035903 0.038753846
3.3042670 0.038774598
3.3049437 0.038795340
3.3056204 0.038816071
3.3062971 0.038836790
3.3069738 0.038857499
3.3076505 0.038878196
3.3083272 0.038898882
3.3090039 0.038919557
3.3096806 0.038940222
3.3103572 0.038960875
3.3110339 0.038981517
3.3117106 0.039002149
3.3123872 0.039022769
3.3130639 0.039043378
3.3137405 0.039063977
3.3144172 0.039084563
3.3150938 0.039105139
3.3157704 0.039125705
3.3164471 0.039146259
3.3171237 0.039166802
3.3178003 0.039187335
3.3184769 0.039207856
3.3191535 0.039228366
3.3198301 0.039248865
3.3205067 0.039269354
3.3211833 0.039289831
3.3218599 0.039310298
3.3225365 0.039330752
3.3232131 0.039351197
3.3238897 0.039371630
3.3245662 0.039392054
3.3252428 0.039412465
3.3259194 0.039432866
3.3265959 0.039453255
3.3272725 0.039473634
3.3279490 0.039494001
3.3286255 0.039514359
3.3293021 0.039534705
3.3299786 0.039555040
3.3306551 0.039575363
3.3313316 0.039595676
3.3320082 0.039615978
3.3326847 0.039636270
3.3333612 0.039656550
3.3340377 0.039676819
3.3347142 0.039697078
3.3353906 0.039717326
3.3360671 0.039737562
3.3367436 0.039757788
3.3374201 0.039778003
3.3380965 0.039798206
3.3387730 0.039818399
3.3394495 0.039838581
3.3401259 0.039858751
3.3408024 0.039878912
3.3414788 0.039899062
3.3421552 0.039919200
3.3428317 0.039939327
3.3435081 0.039959445
3.3441845 0.039979551
3.3448609 0.039999646
3.3455373 0.040019729
3.3462138 0.040039802
3.3468902 0.040059865
3.3475666 0.040079916
3.3482429 0.040099956
3.3489193 0.040119987
3.3495957 0.040140006
3.3502721 0.040160013
3.3509485 0.040180011
3.3516248 0.040199997
3.3523012 0.040219973
3.3529775 0.040239938
3.3536539 0.040259891
3.3543302 0.040279834
3.3550066 0.040299766
3.3556829 0.040319688
3.3563592 0.040339598
3.3570356 0.040359497
3.3577119 0.040379386
3.3583882 0.040399264
3.3590645 0.040419131
3.3597408 0.040438987
3.3604171 0.040458833
3.3610934 0.040478668
3.3617697 0.040498491
3.3624460 0.040518305
3.3631223 0.040538106
3.3637985 0.040557898
3.3644748 0.040577679
3.3651511 0.040597449
3.3658273 0.040617208
3.3665036 0.040636956
3.3671798 0.040656693
3.3678561 0.040676421
3.3685323 0.040696135
3.3692086 0.040715841
3.3698848 0.040735536
3.3705610 0.040755219
3.3712372 0.040774891
3.3719135 0.040794554
3.3725897 0.040814205
3.3732659 0.040833845
3.3739421 0.040853476
3.3746183 0.040873095
3.3752945 0.040892702
3.3759706 0.040912300
3.3766468 0.040931887
3.3773230 0.040951463
3.3779992 0.040971028
3.3786753 0.040990583
3.3793515 0.041010126
3.3800276 0.041029659
3.3807038 0.041049181
3.3813799 0.041068693
3.3820561 0.041088193
3.3827322 0.041107684
3.3834083 0.041127163
3.3840844 0.041146631
3.3847606 0.041166090
3.3854367 0.041185537
3.3861128 0.041204974
3.3867889 0.041224399
3.3874650 0.041243815
3.3881411 0.041263218
3.3888172 0.041282613
3.3894933 0.041301996
3.3901693 0.041321368
3.3908454 0.041340730
3.3915215 0.041360080
3.3921975 0.041379420
3.3928736 0.041398749
3.3935496 0.041418068
3.3942257 0.041437377
3.3949017 0.041456675
3.3955778 0.041475961
3.3962538 0.041495237
3.3969298 0.041514503
3.3976059 0.041533758
3.3982819 0.041553001
3.3989579 0.041572236
3.3996339 0.041591458
3.4003099 0.041610669
3.4009859 0.041629871
3.4016619 0.041649063
3.4023379 0.041668242
3.4030139 0.041687412
3.4036898 0.041706571
3.4043658 0.041725719
3.4050418 0.041744856
3.4057177 0.041763984
3.4063937 0.041783100
3.4070696 0.041802206
3.4077456 0.041821301
3.4084215 0.041840385
3.4090975 0.041859460
3.4097734 0.041878523
3.4104493 0.041897575
3.4111252 0.041916618
3.4118012 0.041935649
3.4124771 0.041954671
3.4131530 0.041973679
3.4138289 0.041992680
3.4145048 0.042011669
3.4151807 0.042030648
3.4158565 0.042049615
3.4165324 0.042068573
3.4172083 0.042087519
3.4178842 0.042106455
3.4185600 0.042125381
3.4192359 0.042144296
3.4199118 0.042163199
3.4205876 0.042182094
3.4212634 0.042200977
3.4219393 0.042219849
3.4226151 0.042238712
3.4232910 0.042257562
3.4239668 0.042276404
3.4246426 0.042295234
3.4253184 0.042314053
3.4259942 0.042332862
3.4266700 0.042351661
3.4273458 0.042370450
3.4280216 0.042389228
3.4286974 0.042407995
3.4293732 0.042426751
3.4300490 0.042445497
3.4307247 0.042464232
3.4314005 0.042482957
3.4320763 0.042501671
3.4327520 0.042520376
3.4334278 0.042539069
3.4341035 0.042557753
3.4347793 0.042576424
3.4354550 0.042595086
3.4361308 0.042613738
3.4368065 0.042632378
3.4374822 0.042651009
3.4381579 0.042669628
3.4388336 0.042688238
3.4395094 0.042706836
3.4401851 0.042725424
3.4408608 0.042744002
3.4415365 0.042762570
3.4422121 0.042781126
3.4428878 0.042799673
3.4435635 0.042818208
3.4442392 0.042836734
3.4449148 0.042855249
3.4455905 0.042873753
3.4462662 0.042892246
3.4469418 0.042910731
3.4476175 0.042929203
3.4482931 0.042947666
3.4489687 0.042966118
3.4496444 0.042984560
3.4503200 0.043002990
3.4509956 0.043021412
3.4516712 0.043039822
3.4523469 0.043058221
3.4530225 0.043076610
3.4536981 0.043094989
3.4543737 0.043113358
3.4550493 0.043131715
3.4557248 0.043150064
3.4564004 0.043168400
3.4570760 0.043186728
3.4577516 0.043205044
3.4584271 0.043223350
3.4591027 0.043241645
3.4597783 0.043259931
3.4604538 0.043278206
3.4611294 0.043296469
3.4618049 0.043314723
3.4624804 0.043332967
3.4631560 0.043351200
3.4638315 0.043369422
3.4645070 0.043387633
3.4651825 0.043405835
3.4658580 0.043424027
3.4665336 0.043442209
3.4672091 0.043460379
3.4678846 0.043478540
3.4685600 0.043496688
3.4692355 0.043514829
3.4699110 0.043532958
3.4705865 0.043551077
3.4712620 0.043569184
3.4719374 0.043587283
3.4726129 0.043605371
3.4732883 0.043623447
3.4739638 0.043641514
3.4746392 0.043659570
3.4753147 0.043677616
3.4759901 0.043695652
3.4766655 0.043713679
3.4773410 0.043731693
3.4780164 0.043749698
3.4786918 0.043767692
3.4793672 0.043785677
3.4800426 0.043803650
3.4807180 0.043821614
3.4813934 0.043839567
3.4820688 0.043857510
3.4827442 0.043875442
3.4834196 0.043893364
3.4840949 0.043911275
3.4847703 0.043929177
3.4854457 0.043947067
3.4861210 0.043964949
3.4867964 0.043982820
3.4874717 0.044000680
3.4881471 0.044018529
3.4888224 0.044036369
3.4894978 0.044054198
3.4901731 0.044072017
3.4908484 0.044089826
3.4915237 0.044107625
3.4921990 0.044125412
3.4928744 0.044143190
3.4935497 0.044160957
3.4942250 0.044178715
3.4949003 0.044196462
3.4955755 0.044214199
3.4962508 0.044231925
3.4969261 0.044249641
3.4976014 0.044267347
3.4982766 0.044285043
3.4989519 0.044302727
3.4996272 0.044320404
3.5003024 0.044338068
3.5009777 0.044355723
3.5016529 0.044373367
3.5023282 0.044391001
3.5030034 0.044408625
3.5036786 0.044426239
3.5043538 0.044443842
3.5050291 0.044461435
3.5057043 0.044479018
3.5063795 0.044496590
3.5070547 0.044514153
3.5077299 0.044531705
3.5084051 0.044549247
3.5090803 0.044566778
3.5097554 0.044584300
3.5104306 0.044601811
3.5111058 0.044619312
3.5117810 0.044636803
3.5124561 0.044654283
3.5131313 0.044671753
3.5138064 0.044689214
3.5144816 0.044706664
3.5151567 0.044724104
3.5158319 0.044741533
3.5165070 0.044758952
3.5171821 0.044776363
3.5178572 0.044793762
3.5185324 0.044811150
3.5192075 0.044828529
3.5198826 0.044845897
3.5205577 0.044863256
3.5212328 0.044880603
3.5219079 0.044897942
3.5225830 0.044915270
3.5232580 0.044932587
3.5239331 0.044949895
3.5246082 0.044967192
3.5252832 0.044984478
3.5259583 0.045001756
3.5266334 0.045019023
3.5273084 0.045036279
3.5279835 0.045053525
3.5286585 0.045070761
3.5293335 0.045087989
3.5300086 0.045105205
3.5306836 0.045122411
3.5313586 0.045139606
3.5320336 0.045156792
3.5327086 0.045173968
3.5333836 0.045191132
3.5340586 0.045208288
3.5347336 0.045225433
3.5354086 0.045242568
3.5360836 0.045259694
3.5367586 0.045276808
3.5374336 0.045293913
3.5381085 0.045311008
3.5387835 0.045328092
3.5394585 0.045345165
3.5401334 0.045362230
3.5408084 0.045379285
3.5414833 0.045396328
3.5421583 0.045413363
3.5428332 0.045430386
3.5435081 0.045447400
3.5441831 0.045464404
3.5448580 0.045481397
3.5455329 0.045498381
3.5462078 0.045515355
3.5468827 0.045532318
3.5475576 0.045549271
3.5482325 0.045566214
3.5489074 0.045583147
3.5495823 0.045600071
3.5502571 0.045616984
3.5509320 0.045633887
3.5516069 0.045650780
3.5522818 0.045667662
3.5529566 0.045684535
3.5536315 0.045701398
3.5543063 0.045718250
3.5549812 0.045735093
3.5556560 0.045751926
3.5563308 0.045768748
3.5570057 0.045785561
3.5576805 0.045802363
3.5583553 0.045819156
3.5590301 0.045835938
3.5597049 0.045852711
3.5603797 0.045869473
3.5610545 0.045886226
3.5617293 0.045902968
3.5624041 0.045919700
3.5630789 0.045936423
3.5637537 0.045953135
3.5644284 0.045969838
3.5651032 0.045986530
3.5657780 0.046003211
3.5664527 0.046019885
3.5671275 0.046036546
3.5678022 0.046053200
3.5684770 0.046069841
3.5691517 0.046086473
3.5698264 0.046103096
3.5705012 0.046119708
3.5711759 0.046136311
3.5718506 0.046152903
3.5725253 0.046169486
3.5732000 0.046186058
3.5738747 0.046202621
3.5745494 0.046219173
3.5752241 0.046235716
3.5758988 0.046252248
3.5765735 0.046268771
3.5772482 0.046285284
3.5779228 0.046301786
3.5785975 0.046318279
3.5792722 0.046334762
3.5799468 0.046351234
3.5806215 0.046367697
3.5812961 0.046384151
3.5819708 0.046400594
3.5826454 0.046417027
3.5833200 0.046433450
3.5839947 0.046449863
3.5846693 0.046466266
3.5853439 0.046482660
3.5860185 0.046499043
3.5866931 0.046515417
3.5873677 0.046531781
3.5880423 0.046548134
3.5887169 0.046564478
3.5893915 0.046580812
3.5900661 0.046597136
3.5907406 0.046613449
3.5914152 0.046629754
3.5920898 0.046646049
3.5927643 0.046662333
3.5934389 0.046678608
3.5941134 0.046694872
3.5947880 0.046711127
3.5954625 0.046727372
3.5961371 0.046743606
3.5968116 0.046759831
3.5974861 0.046776047
3.5981606 0.046792252
3.5988352 0.046808448
3.5995097 0.046824632
3.6001842 0.046840808
3.6008587 0.046856974
3.6015332 0.046873130
3.6022077 0.046889276
3.6028821 0.046905412
3.6035566 0.046921538
3.6042311 0.046937654
3.6049056 0.046953762
3.6055800 0.046969858
3.6062545 0.046985945
3.6069289 0.047002023
3.6076034 0.047018090
3.6082778 0.047034148
3.6089523 0.047050195
3.6096267 0.047066233
3.6103011 0.047082260
3.6109756 0.047098279
3.6116500 0.047114287
3.6123244 0.047130285
3.6129988 0.047146274
3.6136732 0.047162253
3.6143476 0.047178222
3.6150220 0.047194181
3.6156964 0.047210130
3.6163708 0.047226070
3.6170452 0.047241999
3.6177195 0.047257919
3.6183939 0.047273830
3.6190683 0.047289730
3.6197426 0.047305620
3.6204170 0.047321501
3.6210913 0.047337372
3.6217657 0.047353234
3.6224400 0.047369085
3.6231143 0.047384926
3.6237887 0.047400758
3.6244630 0.047416581
3.6251373 0.047432393
3.6258116 0.047448196
3.6264859 0.047463988
3.6271602 0.047479771
3.6278345 0.047495544
3.6285088 0.047511307
3.6291831 0.047527062
3.6298574 0.047542805
3.6305317 0.047558540
3.6312059 0.047574264
3.6318802 0.047589979
3.6325545 0.047605684
3.6332287 0.047621380
3.6339030 0.047637064
3.6345772 0.047652740
3.6352515 0.047668406
3.6359257 0.047684062
3.6365999 0.047699710
3.6372742 0.047715346
3.6379484 0.047730973
3.6386226 0.047746591
3.6392968 0.047762198
3.6399710 0.047777797
3.6406452 0.047793384
3.6413194 0.047808963
3.6419936 0.047824532
3.6426678 0.047840091
3.6433420 0.047855640
3.6440161 0.047871180
3.6446903 0.047886711
3.6453645 0.047902231
3.6460386 0.047917741
3.6467128 0.047933242
3.6473870 0.047948733
3.6480611 0.047964215
3.6487352 0.047979687
3.6494094 0.047995148
3.6500835 0.048010602
3.6507576 0.048026045
3.6514318 0.048041478
3.6521059 0.048056901
3.6527800 0.048072314
3.6534541 0.048087719
3.6541282 0.048103113
3.6548023 0.048118498
3.6554764 0.048133874
3.6561505 0.048149239
3.6568245 0.048164595
3.6574986 0.048179941
3.6581727 0.048195278
3.6588467 0.048210604
3.6595208 0.048225922
3.6601949 0.048241229
3.6608689 0.048256528
3.6615430 0.048271815
3.6622170 0.048287094
3.6628910 0.048302365
3.6635651 0.048317623
3.6642391 0.048332874
3.6649131 0.048348114
3.6655871 0.048363344
3.6662611 0.048378565
3.6669351 0.048393776
3.6676091 0.048408978
3.6682831 0.048424171
3.6689571 0.048439353
3.6696311 0.048454526
3.6703051 0.048469689
3.6709790 0.048484844
3.6716530 0.048499987
3.6723270 0.048515122
3.6730009 0.048530248
3.6736749 0.048545362
3.6743488 0.048560468
3.6750228 0.048575564
3.6756967 0.048590652
3.6763707 0.048605728
3.6770446 0.048620795
3.6777185 0.048635854
3.6783924 0.048650902
3.6790663 0.048665940
3.6797402 0.048680971
3.6804142 0.048695990
3.6810881 0.048711000
3.6817619 0.048726000
3.6824358 0.048740992
3.6831097 0.048755974
3.6837836 0.048770945
3.6844575 0.048785907
3.6851313 0.048800860
3.6858052 0.048815803
3.6864791 0.048830737
3.6871529 0.048845661
3.6878268 0.048860576
3.6885006 0.048875482
3.6891744 0.048890376
3.6898483 0.048905262
3.6905221 0.048920140
3.6911959 0.048935006
3.6918697 0.048949865
3.6925435 0.048964712
3.6932174 0.048979551
3.6938912 0.048994380
3.6945649 0.049009199
3.6952387 0.049024009
3.6959125 0.049038809
3.6965863 0.049053600
3.6972601 0.049068381
3.6979339 0.049083153
3.6986076 0.049097916
3.6992814 0.049112669
3.6999551 0.049127413
3.7006289 0.049142147
3.7013026 0.049156872
3.7019764 0.049171586
3.7026501 0.049186292
3.7033238 0.049200988
3.7039976 0.049215674
3.7046713 0.049230352
3.7053450 0.049245019
3.7060187 0.049259678
3.7066924 0.049274325
3.7073661 0.049288966
3.7080398 0.049303595
3.7087135 0.049318216
3.7093872 0.049332827
3.7100609 0.049347428
3.7107346 0.049362020
3.7114082 0.049376603
3.7120819 0.049391176
3.7127556 0.049405740
3.7134292 0.049420294
3.7141029 0.049434839
3.7147765 0.049449373
3.7154501 0.049463899
3.7161238 0.049478417
3.7167974 0.049492924
3.7174710 0.049507422
3.7181447 0.049521909
3.7188183 0.049536388
3.7194919 0.049550858
3.7201655 0.049565318
3.7208391 0.049579769
3.7215127 0.049594209
3.7221863 0.049608642
3.7228599 0.049623064
3.7235334 0.049637477
3.7242070 0.049651880
3.7248806 0.049666275
3.7255541 0.049680659
3.7262277 0.049695035
3.7269013 0.049709401
3.7275748 0.049723757
3.7282483 0.049738105
3.7289219 0.049752442
3.7295954 0.049766771
3.7302689 0.049781090
3.7309425 0.049795400
3.7316160 0.049809700
3.7322895 0.049823992
3.7329630 0.049838274
3.7336365 0.049852546
3.7343100 0.049866809
3.7349835 0.049881062
3.7356570 0.049895306
3.7363305 0.049909541
3.7370040 0.049923767
3.7376774 0.049937983
3.7383509 0.049952190
3.7390244 0.049966388
3.7396978 0.049980575
3.7403713 0.049994754
3.7410447 0.050008924
3.7417182 0.050023085
3.7423916 0.050037235
3.7430650 0.050051377
3.7437385 0.050065508
3.7444119 0.050079632
3.7450853 0.050093745
3.7457587 0.050107849
3.7464321 0.050121945
3.7471055 0.050136030
3.7477789 0.050150106
3.7484523 0.050164173
3.7491257 0.050178231
3.7497991 0.050192280
3.7504725 0.050206318
3.7511458 0.050220349
3.7518192 0.050234369
3.7524926 0.050248381
3.7531659 0.050262382
3.7538393 0.050276376
3.7545126 0.050290359
3.7551860 0.050304332
3.7558593 0.050318298
3.7565326 0.050332252
3.7572060 0.050346200
3.7578793 0.050360136
3.7585526 0.050374063
3.7592259 0.050387982
3.7598992 0.050401891
3.7605725 0.050415791
3.7612458 0.050429681
3.7619191 0.050443563
3.7625924 0.050457436
3.7632657 0.050471298
3.7639389 0.050485153
3.7646122 0.050498997
3.7652855 0.050512832
3.7659587 0.050526658
3.7666320 0.050540475
3.7673052 0.050554282
3.7679785 0.050568080
3.7686517 0.050581869
3.7693250 0.050595649
3.7699982 0.050609419
3.7706714 0.050623181
3.7713446 0.050636933
3.7720179 0.050650676
3.7726911 0.050664410
3.7733643 0.050678135
3.7740375 0.050691850
3.7747107 0.050705556
3.7753839 0.050719253
3.7760570 0.050732940
3.7767302 0.050746619
3.7774034 0.050760288
3.7780766 0.050773948
3.7787497 0.050787599
3.7794229 0.050801240
3.7800960 0.050814873
3.7807692 0.050828497
3.7814423 0.050842111
3.7821155 0.050855716
3.7827886 0.050869312
3.7834617 0.050882898
3.7841349 0.050896475
3.7848080 0.050910044
3.7854811 0.050923603
3.7861542 0.050937153
3.7868273 0.050950693
3.7875004 0.050964225
3.7881735 0.050977747
3.7888466 0.050991261
3.7895197 0.051004764
3.7901928 0.051018260
3.7908658 0.051031745
3.7915389 0.051045222
3.7922120 0.051058690
3.7928850 0.051072149
3.7935581 0.051085597
3.7942311 0.051099038
3.7949042 0.051112468
3.7955772 0.051125891
3.7962502 0.051139303
3.7969233 0.051152707
3.7975963 0.051166102
3.7982693 0.051179486
3.7989423 0.051192862
3.7996153 0.051206230
3.8002883 0.051219589
3.8009613 0.051232937
3.8016343 0.051246276
3.8023073 0.051259608
3.8029803 0.051272930
3.8036533 0.051286241
3.8043262 0.051299545
3.8049992 0.051312839
3.8056722 0.051326125
3.8063451 0.051339401
3.8070181 0.051352668
3.8076910 0.051365926
3.8083640 0.051379175
3.8090369 0.051392415
3.8097098 0.051405645
3.8103828 0.051418867
3.8110557 0.051432080
3.8117286 0.051445283
3.8124015 0.051458478
3.8130744 0.051471662
3.8137473 0.051484840
3.8144202 0.051498007
3.9166927 0.053396455
3.9173641 0.053408251
3.9180357 0.053420044
3.9187074 0.053431827
3.9193788 0.053443599
3.9200504 0.053455365
3.9207220 0.053467122
3.9213934 0.053478868
3.9220648 0.053490604
3.9227362 0.053502333
3.9234078 0.053514056
3.9240794 0.053525772
3.9247508 0.053537474
3.9254222 0.053549168
3.9260938 0.053560857
3.9267654 0.053572539
3.9274368 0.053584206
3.9281082 0.053595866
3.9287796 0.053607518
3.9294512 0.053619164
3.9301226 0.053630798
3.9307942 0.053642427
3.9314656 0.053654044
3.9321370 0.053665653
3.9328084 0.053677254
3.9334798 0.053688845
3.9341512 0.053700427
3.9348226 0.053712001
3.9354939 0.053723567
3.9361653 0.053735125
3.9368367 0.053746673
3.9375081 0.053758214
3.9381795 0.053769747
3.9388509 0.053781270
3.9395223 0.053792784
3.9401937 0.053804290
3.9408650 0.053815789
3.9415364 0.053827278
3.9422076 0.053838755
3.9428790 0.053850227
3.9435503 0.053861691
3.9442215 0.053873142
3.9448929 0.053884589
3.9455640 0.053896024
3.9462354 0.053907454
3.9469066 0.053918871
3.9475780 0.053930284
3.9482493 0.053941689
3.9489205 0.053953080
3.9495919 0.053964468
3.9502630 0.053975844
3.9509344 0.053987214
3.9516056 0.053998571
3.9522769 0.054009926
3.9529481 0.054021268
3.9536192 0.054032601
3.9542906 0.054043928
3.9549618 0.054055244
3.9556329 0.054066551
3.9563043 0.054077854
3.9569755 0.054089146
3.9576464 0.054100423
3.9583175 0.054111698
3.9589889 0.054122967
3.9596601 0.054134224
3.9603312 0.054145471
3.9610023 0.054156712
3.9616735 0.054167943
3.9623446 0.054179166
3.9630158 0.054190381
3.9636869 0.054201588
3.9643581 0.054212786
3.9650292 0.054223976
3.9657004 0.054235156
3.9663715 0.054246329
3.9670427 0.054257494
3.9677138 0.054268650
3.9683847 0.054279793
3.9690559 0.054290932
3.9697270 0.054302063
3.9703979 0.054313181
3.9710689 0.054324291
3.9717400 0.054335397
3.9724112 0.054346494
3.9730821 0.054357579
3.9737532 0.054368659
3.9744244 0.054379730
3.9750953 0.054390791
3.9757662 0.054401842
3.9764373 0.054412888
3.9771085 0.054423927
3.9777794 0.054434953
3.9784503 0.054445972
3.9791214 0.054456985
3.9797924 0.054467986
3.9804633 0.054478978
3.9811344 0.054489967
3.9818053 0.054500943
3.9824760 0.054511907
3.9831471 0.054522870
3.9838181 0.054533821
3.9844890 0.054544764
3.9851599 0.054555698
3.9858308 0.054566624
3.9865017 0.054577542
3.9871726 0.054588452
3.9878435 0.054599352
3.9885144 0.054610245
3.9891853 0.054621130
3.9898562 0.054632005
3.9905272 0.054642873
3.9911981 0.054653733
3.9918690 0.054664583
3.9925399 0.054675426
3.9932108 0.054686261
3.9938817 0.054697087
3.9945521 0.054707897
3.9952230 0.054718707
3.9958940 0.054729507
3.9965649 0.054740300
3.9972355 0.054751082
3.9979062 0.054761854
3.9985771 0.054772623
3.9992480 0.054783381
3.9999189 0.054794133
4.0005894 0.054804869
4.0012603 0.054815603
4.0019312 0.054826331
4.0026021 0.054837050
4.0032730 0.054847758
4.0039434 0.054858453
4.0046144 0.054869146
4.0052853 0.054879832
4.0059557 0.054890501
4.0066266 0.054901169
4.0072975 0.054911831
4.0079679 0.054922476
4.0086384 0.054933111
4.0093093 0.054943747
4.0099802 0.054954375
4.0106506 0.054964986
4.0113215 0.054975597
4.0119925 0.054986200
4.0126629 0.054996787
4.0133333 0.055007364
4.0139718 0.055017432
4.0146422 0.055027995
4.0153131 0.055038556
4.0159836 0.055049102
4.0166545 0.055059648
4.0173249 0.055070177
4.0179958 0.055080706
4.0186663 0.055091219
4.0193367 0.055101725
4.0200076 0.055112229
4.0206780 0.055122717
4.0213485 0.055133197
4.0220194 0.055143677
4.0226898 0.055154142
4.0233603 0.055164596
4.0240312 0.055175052
4.0247016 0.055185491
4.0253720 0.055195922
4.0260425 0.055206346
4.0267134 0.055216767
4.0273838 0.055227175
4.0280542 0.055237572
4.0287247 0.055247962
4.0293956 0.055258352
4.0300660 0.055268725
4.0307364 0.055279091
4.0314069 0.055289449
4.0320773 0.055299797
4.0327477 0.055310139
4.0334182 0.055320472
4.0340886 0.055330797
4.0347595 0.055341121
4.0354300 0.055351428
4.0361004 0.055361729
4.0367708 0.055372022
4.0374408 0.055382298
4.0381112 0.055392574
4.0387816 0.055402841
4.0394521 0.055413101
4.0401225 0.055423353
4.0407929 0.055433596
4.0414634 0.055443830
4.0421333 0.055454050
4.0428038 0.055464269
4.0434742 0.055474479
4.0441446 0.055484683
4.0448151 0.055494877
4.0454855 0.055505063
4.0461559 0.055515242
4.0468264 0.055525410
4.0474963 0.055535566
4.0481668 0.055545719
4.0488372 0.055555865
4.0495076 0.055566003
4.0501781 0.055576132
4.0508480 0.055586246
4.0515184 0.055596359
4.0521889 0.055606465
4.0528588 0.055616554
4.0535293 0.055626643
4.0541997 0.055636724
4.0548697 0.055646790
4.0555401 0.055656855
4.0562105 0.055666910
4.0568805 0.055676952
4.0575509 0.055686992
4.0582213 0.055697024
4.0588913 0.055707041
4.0595617 0.055717057
4.0602317 0.055727059
4.0609021 0.055737058
4.0615721 0.055747042
4.0622420 0.055757019
4.0629120 0.055766988
4.0635824 0.055776956
4.0642524 0.055786909
4.0649228 0.055796860
4.0655928 0.055806796
4.0662632 0.055816731
4.0669332 0.055826651
4.0676036 0.055836571
4.0682735 0.055846475
4.0689435 0.055856371
4.0696139 0.055866266
4.0702839 0.055876146
4.0709538 0.055886018
4.0716243 0.055895889
4.0722942 0.055905745
4.0729642 0.055915593
4.0736346 0.055925440
4.0743046 0.055935272
4.0749745 0.055945095
4.0756445 0.055954911
4.0763149 0.055964725
4.0769849 0.055974525
4.0776548 0.055984317
4.0783248 0.055994101
4.0789948 0.056003877
4.0796652 0.056013652
4.0803351 0.056023410
4.0810051 0.056033162
4.0816751 0.056042907
4.0823450 0.056052642
4.0830150 0.056062370
4.0836849 0.056072089
4.0843549 0.056081800
4.0850248 0.056091505
4.0856948 0.056101201
4.0863647 0.056110888
4.0870342 0.056120561
4.0877042 0.056130233
4.0883741 0.056139896
4.0890441 0.056149552
4.0897141 0.056159200
4.0903840 0.056168839
4.0910540 0.056178472
4.0917239 0.056188095
4.0923939 0.056197711
4.0930638 0.056207320
4.0937338 0.056216919
4.0944033 0.056226505
4.0950732 0.056236089
4.0957432 0.056245665
4.0964131 0.056255232
4.0970831 0.056264792
4.0977530 0.056274345
4.0984225 0.056283883
4.0990925 0.056293419
4.0997624 0.056302947
4.1004324 0.056312468
4.1011019 0.056321974
4.1017718 0.056331478
4.1024418 0.056340975
4.1031113 0.056350457
4.1037812 0.056359939
4.1044512 0.056369412
4.1051207 0.056378869
4.1057906 0.056388326
4.1064601 0.056397769
4.1071301 0.056407210
4.1078000 0.056416643
4.1084695 0.056426061
4.1091394 0.056435480
4.1098089 0.056444882
4.1104789 0.056454283
4.1111479 0.056463665
4.1118178 0.056473051
4.1124873 0.056482421
4.1131573 0.056491791
4.1138268 0.056501147
4.1144967 0.056510502
4.1151662 0.056519840
4.1158357 0.056529173
4.1165056 0.056538504
4.1171751 0.056547820
4.1178451 0.056557134
4.1185145 0.056566434
4.1191840 0.056575727
4.1198540 0.056585019
4.1205235 0.056594295
4.1211929 0.056603563
4.1218624 0.056612825
4.1225324 0.056622085
4.1232018 0.056631330
4.1238713 0.056640567
4.1245408 0.056649797
4.1252108 0.056659026
4.1258802 0.056668239
4.1265497 0.056677445
4.1272192 0.056686644
4.1278887 0.056695834
4.1285582 0.056705016
4.1292281 0.056714197
4.1298976 0.056723364
4.1305671 0.056732523
4.1312366 0.056741675
4.1319060 0.056750818
4.1325755 0.056759954
4.1332450 0.056769081
4.1339145 0.056778201
4.1345840 0.056787313
4.1352534 0.056796417
4.1359229 0.056805513
4.1365924 0.056814602
4.1372619 0.056823682
4.1379313 0.056832755
4.1386008 0.056841821
4.1392703 0.056850878
4.1399398 0.056859927
4.1406093 0.056868969
4.1412783 0.056877996
4.1419477 0.056887023
4.1426172 0.056896041
4.1432867 0.056905051
4.1439562 0.056914054
4.1446257 0.056923050
4.1452947 0.056932030
4.1459317 0.056940575
4.1466007 0.056949540
4.1472702 0.056958505
4.1479397 0.056967461
4.1486092 0.056976410
4.1492786 0.056985351
4.1499472 0.056994271
4.1506166 0.057003196
4.1512861 0.057012115
4.1519556 0.057021023
4.1526251 0.057029926
4.1532941 0.057038814
4.1539631 0.057047694
4.1546326 0.057056573
4.1553020 0.057065444
4.1559715 0.057074307
4.1566401 0.057083150
4.1573095 0.057091998
4.1579790 0.057100838
4.1586485 0.057109671
4.1593170 0.057118482
4.1599865 0.057127298
4.1606560 0.057136108
4.1613255 0.057144910
4.1619940 0.057153690
4.1626635 0.057162476
4.1633329 0.057171255
4.1640015 0.057180012
4.1646709 0.057188775
4.1653404 0.057197530
4.1660094 0.057206271
4.1666784 0.057215004
4.1673479 0.057223736
4.1680164 0.057232447
4.1686859 0.057241165
4.1693554 0.057249874
4.1700239 0.057258562
4.1706934 0.057267255
4.1713624 0.057275934
4.1720314 0.057284607
4.1727009 0.057293277
4.1733694 0.057301927
4.1740389 0.057310582
4.1747079 0.057319222
4.1753769 0.057327857
4.1760464 0.057336488
4.1767149 0.057345100
4.1773844 0.057353716
4.1780529 0.057362313
4.1787224 0.057370913
4.1793909 0.057379495
4.1800604 0.057388081
4.1807289 0.057396646
4.1813984 0.057405217
4.1820669 0.057413767
4.1827364 0.057422323
4.1834049 0.057430857
4.1840744 0.057439397
4.1847429 0.057447918
4.1854124 0.057456442
4.1860809 0.057464946
4.1867504 0.057473455
4.1874189 0.057481945
4.1880879 0.057490433
4.1887569 0.057498913
4.1894255 0.057507379
4.1900949 0.057515850
4.1907635 0.057524302
4.1914325 0.057532751
4.1921015 0.057541194
4.1927700 0.057549621
4.1934395 0.057558054
4.1941080 0.057566467
4.1947770 0.057574879
4.1954451 0.057583270
4.1961145 0.057591673
4.1967831 0.057600056
4.1974516 0.057608431
4.1981211 0.057616809
4.1987896 0.057625170
4.1994581 0.057633523
4.2001271 0.057641873
4.2007961 0.057650216
4.2014647 0.057658546
4.2021337 0.057666873
4.2028027 0.057675193
4.2034712 0.057683501
4.2041397 0.057691800
4.2048087 0.057700097
4.2054777 0.057708387
4.2061462 0.057716663
4.2068148 0.057724933
4.2074838 0.057733199
4.2081523 0.057741453
4.2088213 0.057749705
4.2094898 0.057757944
4.2101583 0.057766175
4.2108274 0.057774404
4.2114959 0.057782620
4.2121649 0.057790834
4.2128334 0.057799036
4.2135019 0.057807229
4.2141705 0.057815415
4.2148395 0.057823598
4.2155080 0.057831769
4.2161765 0.057839932
4.2168455 0.057848093
4.2175140 0.057856241
4.2181826 0.057864382
4.2188511 0.057872515
4.2195196 0.057880640
4.2201881 0.057888758
4.2208567 0.057896868
4.2215257 0.057904977
4.2221942 0.057913073
4.2228627 0.057921160
4.2235312 0.057929240
4.2241998 0.057937313
4.2248683 0.057945377
4.2255368 0.057953436
4.2262053 0.057961486
4.2268739 0.057969529
4.2275424 0.057977564
4.2282109 0.057985591
4.2288795 0.057993611
4.2295480 0.058001624
4.2302165 0.058009630
4.2308850 0.058017627
4.2315536 0.058025618
4.2321897 0.058033213
4.2328582 0.058041189
4.2335267 0.058049157
4.2341952 0.058057117
4.2348638 0.058065071
4.2355318 0.058073010
4.2362003 0.058080949
4.2368689 0.058088879
4.2375374 0.058096803
4.2382059 0.058104718
4.2388740 0.058112621
4.2395425 0.058120522
4.2402110 0.058128415
4.2408791 0.058136296
4.2415476 0.058144174
4.2422161 0.058152044
4.2428842 0.058159903
4.2435527 0.058167759
4.2442207 0.058175602
4.2448888 0.058183438
4.2455573 0.058191271
4.2462258 0.058199097
4.2468939 0.058206911
4.2475624 0.058214721
4.2482305 0.058222520
4.2488990 0.058230317
4.2495670 0.058238100
4.2502356 0.058245882
4.2509036 0.058253651
4.2515721 0.058261418
4.2522402 0.058269171
4.2529087 0.058276923
4.2535768 0.058284663
4.2542448 0.058292394
4.2549133 0.058300123
4.2555814 0.058307840
4.2562499 0.058315555
4.2569180 0.058323256
4.2609272 0.058369325
4.2615952 0.058376975
4.2622633 0.058384618
4.2629313 0.058392252
4.2635999 0.058399887
4.2642679 0.058407507
4.2649360 0.058415120
4.2682767 0.058453080
4.2689447 0.058460651
4.2696128 0.058468212
4.2702808 0.058475767
4.2709489 0.058483313
4.2716169 0.058490853
4.2722850 0.058498384
4.2729530 0.058505910
4.2736211 0.058513427
4.2742891 0.058520938
4.2769613 0.058550904
4.2776289 0.058558373
4.2782969 0.058565838
4.2789650 0.058573297
4.2796330 0.058580749
4.2803011 0.058588193
4.2809691 0.058595630
4.2816372 0.058603059
4.2823048 0.058610476
4.2829728 0.058617891
4.2836409 0.058625298
4.2843089 0.058632698
4.2849765 0.058640086
4.2856445 0.058647471
4.2863126 0.058654850
4.2869802 0.058662216
4.2876482 0.058669579
4.2883162 0.058676936
4.2889838 0.058684279
4.2896519 0.058691621
4.2903199 0.058698955
4.2909875 0.058706277
4.2916555 0.058713597
4.2923231 0.058720904
4.2929912 0.058728210
4.2936583 0.058735498
4.2943263 0.058742788
4.2949939 0.058750066
4.2956619 0.058757342
4.2963295 0.058764607
4.2969975 0.058771868
4.2976651 0.058779117
4.2983332 0.058786364
4.2990007 0.058793599
4.2996683 0.058800826
4.3003364 0.058808050
4.3010039 0.058815263
4.3016715 0.058822469
4.3023396 0.058829672
4.3030071 0.058836864
4.3036423 0.058843698
4.3043103 0.058850881
4.3049779 0.058858050
4.3056455 0.058865213
4.3063130 0.058872367
4.3069811 0.058879520
4.3076487 0.058886662
4.3083162 0.058893795
4.3089838 0.058900921
4.3096514 0.058908041
4.3103189 0.058915153
4.3109865 0.058922257
4.3116546 0.058929359
4.3123221 0.058936449
4.3129897 0.058943532
4.3136573 0.058950608
4.3143249 0.058957676
4.3149924 0.058964738
4.3156600 0.058971791
4.3163276 0.058978838
4.3169951 0.058985878
4.3176627 0.058992910
4.3183303 0.058999936
4.3189979 0.059006953
4.3196654 0.059013965
4.3203330 0.059020968
4.3210006 0.059027965
4.3216677 0.059034948
4.3223352 0.059041931
4.3230028 0.059048905
4.3236704 0.059055873
4.3243380 0.059062833
4.3250055 0.059069787
4.3256731 0.059076733
4.3263407 0.059083672
4.3270078 0.059090599
4.3276753 0.059097523
4.3283424 0.059104435
4.3290100 0.059111345
4.3296776 0.059118248
4.3303452 0.059125144
4.3310127 0.059132033
4.3316798 0.059138910
4.3323474 0.059145784
4.3330145 0.059152647
4.3336821 0.059159507
4.3343496 0.059166360
4.3350167 0.059173201
4.3356838 0.059180035
4.3363514 0.059186867
4.3370190 0.059193691
4.3376861 0.059200503
4.3383536 0.059207313
4.3390207 0.059214111
4.3396883 0.059220907
4.3403554 0.059227690
4.3410225 0.059234468
4.3416901 0.059241242
4.3423576 0.059248009
4.3430243 0.059254759
4.3436913 0.059261508
4.3443584 0.059268248
4.3450260 0.059274987
4.3456931 0.059281714
4.3463602 0.059288434
4.3470278 0.059295152
4.3476949 0.059301857
4.3483620 0.059308556
4.3490295 0.059315252
4.3496966 0.059321936
4.3503637 0.059328614
4.3510313 0.059335288
4.3516979 0.059341947
4.3523655 0.059348607
4.3530326 0.059355256
4.3536997 0.059361897
4.3543668 0.059368532
4.3550339 0.059375160
4.3557014 0.059381785
4.3563681 0.059388393
4.3570356 0.059395005
4.3577023 0.059401599
4.3583698 0.059408197
4.3590364 0.059414777
4.3597040 0.059421360
4.3603706 0.059427926
4.3610382 0.059434494
4.3617048 0.059441046
4.3623395 0.059447277
4.3630066 0.059453820
4.3636737 0.059460358
4.3643408 0.059466886
4.3650079 0.059473408
4.3656750 0.059479922
4.3663421 0.059486431
4.3670087 0.059492927
4.3676758 0.059499420
4.3683429 0.059505907
4.3690100 0.059512387
4.3696771 0.059518860
4.3703437 0.059525320
4.3710108 0.059531779
4.3716779 0.059538231
4.3723450 0.059544675
4.3730116 0.059551108
4.3736787 0.059557538
4.3743458 0.059563963
4.3750124 0.059570374
4.3756795 0.059576783
4.3763461 0.059583182
4.3770132 0.059589576
4.3776803 0.059595965
4.3783469 0.059602342
4.3790140 0.059608716
4.3796806 0.059615079
4.3803477 0.059621440
4.3810143 0.059627788
4.3816814 0.059634134
4.3823481 0.059640470
4.3830152 0.059646801
4.3836818 0.059653123
4.3843489 0.059659442
4.3850155 0.059665748
4.3856821 0.059672048
4.3863492 0.059678345
4.3870158 0.059684631
4.3876829 0.059690915
4.3883495 0.059697187
4.3890162 0.059703453
4.3896832 0.059709714
4.3903499 0.059715966
4.3910165 0.059722210
4.3916831 0.059728447
4.3923502 0.059734682
4.3930168 0.059740905
4.3936834 0.059747122
4.3943501 0.059753331
4.3950167 0.059759534
4.3956838 0.059765732
4.3963504 0.059771921
4.3970170 0.059778103
4.3976836 0.059784279
4.3983502 0.059790446
4.3990169 0.059796606
4.3996835 0.059802760
4.4003501 0.059808908
4.4010167 0.059815048
4.4016833 0.059821181
4.4023499 0.059827307
4.4030166 0.059833425
4.4036832 0.059839538
4.4043498 0.059845643
4.4050164 0.059851741
4.4056830 0.059857833
4.4063497 0.059863917
4.4070163 0.059869996
4.4076829 0.059876066
4.4083495 0.059882130
4.4090157 0.059888182
4.4096823 0.059894232
4.4103489 0.059900275
4.4110160 0.059906317
4.4116826 0.059912345
4.4123487 0.059918364
4.4130154 0.059924380
4.4136820 0.059930389
4.4143486 0.059936390
4.4150147 0.059942380
4.4156814 0.059948369
4.4163480 0.059954349
4.4170141 0.059960319
4.4176483 0.059965996
4.4183145 0.059971954
4.4189806 0.059977902
4.4196472 0.059983850
4.4203138 0.059989790
4.4209805 0.059995724
4.4216461 0.060001641
4.4223127 0.060007562
4.4229794 0.060013475
4.4236460 0.060019380
4.4243116 0.060025270
4.4249783 0.060031162
4.4256449 0.060037048
4.4263115 0.060042927
4.4269772 0.060048790
4.4276438 0.060054654
4.4283104 0.060060513
4.4289761 0.060066356
4.4296427 0.060072199
4.4303093 0.060078037
4.4309750 0.060083859
4.4316416 0.060089683
4.4323082 0.060095499
4.4329739 0.060101301
4.4336405 0.060107105
4.4343071 0.060112901
4.4349728 0.060118682
4.4356394 0.060124465
4.4363050 0.060130233
4.4369717 0.060136001
4.4376378 0.060141760
4.4383039 0.060147511
4.4389706 0.060153260
4.4396362 0.060158993
4.4403028 0.060164729
4.4409685 0.060170449
4.4416351 0.060176169
4.4423008 0.060181876
4.4429674 0.060187584
4.4436331 0.060193277
4.4442997 0.060198971
4.4449654 0.060204650
4.4456320 0.060210331
4.4462976 0.060215997
4.4469643 0.060221664
4.4476299 0.060227316
4.4482965 0.060232969
4.4489622 0.060238608
4.4496284 0.060244243
4.4502945 0.060249874
4.4509602 0.060255492
4.4516268 0.060261111
4.4522924 0.060266715
4.4529591 0.060272323
4.4536247 0.060277913
4.4542904 0.060283499
4.4549570 0.060289084
4.4556227 0.060294654
4.4562883 0.060300219
4.4569550 0.060305785
4.4576206 0.060311335
4.4582863 0.060316879
4.4589529 0.060322425
4.4596186 0.060327955
4.4602842 0.060333480
4.4609509 0.060339004
4.4616165 0.060344514
4.4622822 0.060350018
4.4629478 0.060355514
4.4636145 0.060361013
4.4642472 0.060366226
4.4649134 0.060371706
4.4655790 0.060377176
4.4662452 0.060382645
4.4669108 0.060388101
4.4675770 0.060393555
4.4682426 0.060398998
4.4689083 0.060404435
4.4695745 0.060409870
4.4702401 0.060415293
4.4709058 0.060420710
4.4715719 0.060426123
4.4722376 0.060431526
4.4729033 0.060436923
4.4735694 0.060442316
4.4742351 0.060447700
4.4749007 0.060453076
4.4755664 0.060458446
4.4762325 0.060463814
4.4768982 0.060469169
4.4775639 0.060474519
4.4782295 0.060479862
4.4788952 0.060485198
4.4795609 0.060490528
4.4802270 0.060495856
4.4808927 0.060501171
4.4815583 0.060506482
4.4822240 0.060511784
4.4828897 0.060517080
4.4835553 0.060522370
4.4842210 0.060527653
4.4848866 0.060532929
4.4855523 0.060538199
4.4862180 0.060543462
4.4868836 0.060548718
4.4875493 0.060553968
4.4882150 0.060559211
4.4888802 0.060564444
4.4895458 0.060569673
4.4902115 0.060574897
4.4908772 0.060580113
4.4915428 0.060585323
4.4922085 0.060590526
4.4928741 0.060595723
4.4935393 0.060600909
4.4942050 0.060606092
4.4948707 0.060611269
4.4955363 0.060616439
4.4962015 0.060621598
4.4968672 0.060626755
4.4975328 0.060631905
4.4981980 0.060637046
4.4988637 0.060642183
4.4995294 0.060647313
4.5001945 0.060652433
4.5008602 0.060657550
4.5015254 0.060662656
4.5021911 0.060667760
4.5028567 0.060672858
4.5035219 0.060677945
4.5041876 0.060683028
4.5048528 0.060688102
4.5055184 0.060693174
4.5061836 0.060698234
4.5068488 0.060703288
4.5075145 0.060708338
4.5081797 0.060713380
4.5088453 0.060718417
4.5095105 0.060723446
4.5101762 0.060728470
4.5108085 0.060733237
4.5114737 0.060738245
4.5121393 0.060743251
4.5128045 0.060748246
4.5134697 0.060753234
4.5141354 0.060758219
4.5148005 0.060763195
4.5154657 0.060768164
4.5161314 0.060773130
4.5167961 0.060778083
4.5174618 0.060783036
4.5181270 0.060787977
4.5187922 0.060792914
4.5194573 0.060797843
4.5201225 0.060802766
4.5207882 0.060807686
4.5214529 0.060812593
4.5221186 0.060817499
4.5227833 0.060822394
4.5234489 0.060827287
4.5241137 0.060832167
4.5247793 0.060837048
4.5254440 0.060841915
4.5261097 0.060846783
4.5267744 0.060851637
4.5274401 0.060856491
4.5281048 0.060861333
4.5287700 0.060866170
4.5294352 0.060871002
4.5301003 0.060875827
4.5307655 0.060880646
4.5314307 0.060885458
4.5320959 0.060890263
4.5327606 0.060895059
4.5334258 0.060899851
4.5340910 0.060904638
4.5347557 0.060909414
4.5354214 0.060914190
4.5360861 0.060918953
4.5367513 0.060923713
4.5374165 0.060928467
4.5380812 0.060933210
4.5387464 0.060937950
4.5394115 0.060942685
4.5400763 0.060947409
4.5407410 0.060952126
4.5414062 0.060956841
4.5420713 0.060961549
4.5427361 0.060966246
4.5434012 0.060970942
4.5440660 0.060975628
4.5447311 0.060980310
4.5453959 0.060984983
4.5460610 0.060989651
4.5467257 0.060994311
4.5473909 0.060998967
4.5480556 0.061003613
4.5487204 0.061008253
4.5493855 0.061012890
4.5500503 0.061017517
4.5506825 0.061021913
4.5513473 0.061026528
4.5520120 0.061031136
4.5526772 0.061035741
4.5533419 0.061040336
4.5540071 0.061044928
4.5546718 0.061049511
4.5553370 0.061054090
4.5560017 0.061058658
4.5566664 0.061063223
4.5573311 0.061067778
4.5579958 0.061072329
4.5586605 0.061076873
4.5593257 0.061081413
4.5599904 0.061085945
4.5606551 0.061090469
4.5613198 0.061094986
4.5619845 0.061099498
4.5626493 0.061104003
4.5633140 0.061108502
4.5639787 0.061112995
4.5646434 0.061117481
4.5653081 0.061121961
4.5659728 0.061126434
4.5666375 0.061130900
4.5673022 0.061135361
4.5679669 0.061139814
4.5686312 0.061144259
4.5692959 0.061148700
4.5699606 0.061153136
4.5706253 0.061157563
4.5712900 0.061161986
4.5719547 0.061166402
4.5726190 0.061170808
4.5732837 0.061175211
4.5739484 0.061179606
4.5746131 0.061183997
4.5752773 0.061188378
4.5759420 0.061192755
4.5766068 0.061197125
4.5772710 0.061201487
4.5779357 0.061205846
4.5786004 0.061210197
4.5792646 0.061214540
4.5799294 0.061218879
4.5805936 0.061223209
4.5812583 0.061227536
4.5819230 0.061231856
4.5825872 0.061236166
4.5832520 0.061240473
4.5839162 0.061244772
4.5845809 0.061249066
4.5852451 0.061253352
4.5859094 0.061257631
4.5865741 0.061261907
4.5872383 0.061266172
4.5879030 0.061270435
4.5885673 0.061274690
4.5892315 0.061278937
4.5898962 0.061283180
4.5905604 0.061287416
4.5912247 0.061291643
4.5918565 0.061295660
4.5925207 0.061299876
4.5931849 0.061304085
4.5938492 0.061308289
4.5945139 0.061312489
4.5951781 0.061316679
4.5958424 0.061320864
4.5965066 0.061325042
4.5971708 0.061329214
4.5978351 0.061333380
4.5984993 0.061337538
4.5991640 0.061341694
4.5998282 0.061345841
4.6004925 0.061349981
4.6011567 0.061354116
4.6018209 0.061358243
4.6024852 0.061362364
4.6031494 0.061366479
4.6038136 0.061370589
4.6044779 0.061374690
4.6051416 0.061378785
4.6058064 0.061382878
4.6064701 0.061386958
4.6071343 0.061391035
4.6077981 0.061395104
4.6084623 0.061399168
4.6091266 0.061403227
4.6097908 0.061407280
4.6104546 0.061411322
4.6111188 0.061415363
4.6117830 0.061419397
4.6124473 0.061423424
4.6131110 0.061427441
4.6137753 0.061431457
4.6144395 0.061435466
4.6151037 0.061439467
4.6157675 0.061443460
4.6164317 0.061447450
4.6170955 0.061451432
4.6177597 0.061455409
4.6184235 0.061459376
4.6190877 0.061463342
4.6197519 0.061467301
4.6204157 0.061471249
4.6210799 0.061475197
4.6217437 0.061479134
4.6224079 0.061483067
4.6230717 0.061486991
4.6237359 0.061490913
4.6243997 0.061494826
4.6250639 0.061498734
4.6257277 0.061502634
4.6263914 0.061506527
4.6270223 0.061510222
4.6276865 0.061514106
4.6283503 0.061517982
4.6290140 0.061521850
4.6296782 0.061525716
4.6303420 0.061529573
4.6310058 0.061533424
4.6316695 0.061537268
4.6323338 0.061541108
4.6329975 0.061544939
4.6336613 0.061548765
4.6343250 0.061552585
4.6349888 0.061556398
4.6356525 0.061560205
4.6363168 0.061564010
4.6369805 0.061567804
4.6376443 0.061571593
4.6383080 0.061575374
4.6389718 0.061579152
4.6396356 0.061582922
4.6402993 0.061586685
4.6409631 0.061590443
4.6416268 0.061594195
4.6422906 0.061597939
4.6429543 0.061601679
4.6436181 0.061605412
4.6442819 0.061609138
4.6449451 0.061612857
4.6456089 0.061616571
4.6462727 0.061620280
4.6469364 0.061623982
4.6476002 0.061627678
4.6482639 0.061631368
4.6489272 0.061635048
4.6495910 0.061638727
4.6502547 0.061642399
4.6509180 0.061646061
4.6515813 0.061649717
4.6522450 0.061653370
4.6529088 0.061657017
4.6535721 0.061660656
4.6542358 0.061664290
4.6548991 0.061667916
4.6555629 0.061671539
4.6562266 0.061675155
4.6568899 0.061678764
4.6575537 0.061682366
4.6582170 0.061685962
4.6588807 0.061689554
4.6595440 0.061693138
4.6602077 0.061696717
4.6608710 0.061700288
4.6615348 0.061703855
4.6621981 0.061707414
4.6628613 0.061710967
4.6635251 0.061714516
4.6641884 0.061718056
4.6648188 0.061721416
4.6654825 0.061724947
4.6661458 0.061728469
4.6668091 0.061731986
4.6674728 0.061735499
4.6681356 0.061739000
4.6687994 0.061742501
4.6694627 0.061745993
4.6701260 0.061749479
4.6707897 0.061752961
4.6714525 0.061756432
4.6721163 0.061759902
4.6727796 0.061763365
4.6734428 0.061766820
4.6741061 0.061770270
4.6747694 0.061773713
4.6754332 0.061777153
4.6760960 0.061780583
4.6767597 0.061784010
4.6774225 0.061787427
4.6780863 0.061790843
4.6787491 0.061794247
4.6794128 0.061797650
4.6800756 0.061801043
4.6807389 0.061804432
4.6814022 0.061807815
4.6820655 0.061811192
4.6827288 0.061814563
4.6833916 0.061817925
4.6840553 0.061821286
4.6847181 0.061824636
4.6853814 0.061827984
4.6860447 0.061831324
4.6867075 0.061834657
4.6873713 0.061837988
4.6880341 0.061841308
4.6886969 0.061844623
4.6893606 0.061847936
4.6900234 0.061851237
4.6906862 0.061854533
4.6913500 0.061857829
4.6920128 0.061861113
4.6926756 0.061864390
4.6933389 0.061867664
4.6940022 0.061870933
4.6946645 0.061874192
4.6952944 0.061877283
4.6959577 0.061880535
4.6966205 0.061883778
4.6972837 0.061887016
4.6979465 0.061890246
4.6986098 0.061893474
4.6992726 0.061896691
4.6999354 0.061899904
4.7005987 0.061903112
4.7012615 0.061906314
4.7019243 0.061909508
4.7025876 0.061912698
4.7032504 0.061915881
4.7039132 0.061919058
4.7045765 0.061922231
4.7052393 0.061925396
4.7059021 0.061928554
4.7065649 0.061931707
4.7072277 0.061934853
4.7078910 0.061937996
4.7085538 0.061941132
4.7092166 0.061944260
4.7098794 0.061947383
4.7105422 0.061950500
4.7112050 0.061953610
4.7118678 0.061956716
4.7125306 0.061959815
4.7131934 0.061962908
4.7138562 0.061965996
4.7145190 0.061969076
4.7151818 0.061972152
4.7158446 0.061975222
4.7165074 0.061978285
4.7171702 0.061981342
4.7178330 0.061984394
4.7184958 0.061987440
4.7191586 0.061990480
4.7198210 0.061993511
4.7204838 0.061996540
4.7211466 0.061999561
4.7218094 0.062002577
4.7224722 0.062005587
4.7231345 0.062008589
4.7237973 0.062011587
4.7244601 0.062014580
4.7251229 0.062017566
4.7257853 0.062020545
4.7264481 0.062023519
4.7271104 0.062026486
4.7277732 0.062029449
4.7284360 0.062032406
4.7290983 0.062035355
4.7297611 0.062038299
4.7303905 0.062041091
4.7310534 0.062044025
4.7317152 0.062046948
4.7323780 0.062049870
4.7330408 0.062052787
4.7337036 0.062055697
4.7343655 0.062058597
4.7350283 0.062061494
4.7356911 0.062064387
4.7363529 0.062067270
4.7370157 0.062070150
4.7376781 0.062073023
4.7383404 0.062075890
4.7390032 0.062078753
4.7396650 0.062081606
4.7403278 0.062084457
4.7409906 0.062087302
4.7416525 0.062090137
4.7423153 0.062092972
4.7429771 0.062095795
4.7436399 0.062098618
4.7443023 0.062101432
4.7449646 0.062104239
4.7456274 0.062107044
4.7462893 0.062109839
4.7469521 0.062112631
4.7476139 0.062115414
4.7482767 0.062118195
4.7489386 0.062120967
4.7496014 0.062123735
4.7502632 0.062126495
4.7509260 0.062129253
4.7515879 0.062132001
4.7522507 0.062134747
4.7529125 0.062137483
4.7535753 0.062140217
4.7542372 0.062142943
4.7548990 0.062145661
4.7555618 0.062148377
4.7562237 0.062151084
4.7568865 0.062153790
4.7575483 0.062156486
4.7581773 0.062159042
4.7588396 0.062161727
4.7595019 0.062164409
4.7601638 0.062167080
4.7608261 0.062169751
4.7614884 0.062172413
4.7621503 0.062175068
4.7628126 0.062177719
4.7634749 0.062180365
4.7641368 0.062183002
4.7647991 0.062185637
4.7654610 0.062188262
4.7661233 0.062190885
4.7667851 0.062193500
4.7674475 0.062196111
4.7681093 0.062198714
4.7687716 0.062201313
4.7694335 0.062203904
4.7700958 0.062206493
4.7707577 0.062209073
4.7714200 0.062211648
4.7720819 0.062214217
4.7727437 0.062216780
4.7734060 0.062219339
4.7740679 0.062221890
4.7747297 0.062224436
4.7753916 0.062226975
4.7760539 0.062229510
4.7767158 0.062232039
4.7773776 0.062234562
4.7780395 0.062237078
4.7787013 0.062239589
4.7793636 0.062242096
4.7800255 0.062244596
4.7806873 0.062247089
4.7813487 0.062249575
4.7820106 0.062252058
4.7826724 0.062254534
4.7833343 0.062257005
4.7839961 0.062259469
4.7846580 0.062261929
4.7853198 0.062264382
4.7859817 0.062266831
4.7866435 0.062269273
4.7873054 0.062271710
4.7879672 0.062274140
4.7886291 0.062276566
4.7892909 0.062278984
4.7899528 0.062281398
4.7906141 0.062283804
4.7912426 0.062286086
4.7919044 0.062288481
4.7925663 0.062290873
4.7932281 0.062293257
4.7938900 0.062295637
4.7945518 0.062298012
4.7952132 0.062300377
4.7958746 0.062302739
4.7965364 0.062305095
4.7971983 0.062307446
4.7978601 0.062309792
4.7985215 0.062312131
4.7991829 0.062314462
4.7998447 0.062316791
4.8005066 0.062319114
4.8011684 0.062321431
4.8018298 0.062323739
4.8024912 0.062326044
4.8031530 0.062328344
4.8038149 0.062330638
4.8044758 0.062332922
4.8051376 0.062335205
4.8057995 0.062337482
4.8064609 0.062339752
4.8071222 0.062342017
4.8077841 0.062344277
4.8084455 0.062346530
4.8091068 0.062348778
4.8097687 0.062351021
4.8104296 0.062353256
4.8110914 0.062355487
4.8117528 0.062357711
4.8124142 0.062359931
4.8130760 0.062362146
4.8137369 0.062364352
4.8143988 0.062366556
4.8150601 0.062368752
4.8157215 0.062370943
4.8163829 0.062373129
4.8170109 0.062375197
4.8176723 0.062377372
4.8183341 0.062379542
4.8189955 0.062381705
4.8196564 0.062383861
4.8203177 0.062386013
4.8209791 0.062388159
4.8216405 0.062390299
4.8223019 0.062392434
4.8229632 0.062394564
4.8236246 0.062396686
4.8242860 0.062398805
4.8249469 0.062400915
4.8256078 0.062403021
4.8262691 0.062405122
4.8269305 0.062407218
4.8275919 0.062409308
4.8282533 0.062411392
4.8289142 0.062413470
4.8295755 0.062415543
4.8302369 0.062417610
4.8308978 0.062419671
4.8315592 0.062421727
4.8322206 0.062423778
4.8328815 0.062425821
4.8335428 0.062427861
4.8342037 0.062429894
4.8348651 0.062431923
4.8355260 0.062433944
4.8361874 0.062435962
4.8368483 0.062437972
4.8375096 0.062439977
4.8381705 0.062441976
4.8388319 0.062443972
4.8394928 0.062445959
4.8401537 0.062447942
4.8408151 0.062449920
4.8414760 0.062451892
4.8421369 0.062453858
4.8427982 0.062455819
4.8434596 0.062457775
4.8441205 0.062459723
4.8447819 0.062461669
4.8454428 0.062463606
4.8461037 0.062465539
4.8467646 0.062467466
4.8474255 0.062469388
4.8480530 0.062471207
4.8487144 0.062473119
4.8493752 0.062475024
4.8500361 0.062476924
4.8506970 0.062478818
4.8513579 0.062480705
4.8520188 0.062482588
4.8526797 0.062484467
4.8533406 0.062486338
4.8540015 0.062488204
4.8546624 0.062490065
4.8553233 0.062491920
4.8559842 0.062493770
4.8566451 0.062495614
4.8573055 0.062497451
4.8579664 0.062499286
4.8586273 0.062501113
4.8592882 0.062502934
4.8599491 0.062504751
4.8606100 0.062506563
4.8612704 0.062508367
4.8619313 0.062510167
4.8625922 0.062511962
4.8632526 0.062513750
4.8639135 0.062515533
4.8645744 0.062517312
4.8652349 0.062519083
4.8658957 0.062520850
4.8665566 0.062522612
4.8672171 0.062524368
4.8678780 0.062526118
4.8685384 0.062527862
4.8691993 0.062529602
4.8698597 0.062531335
4.8705206 0.062533063
4.8711476 0.062534699
4.8718085 0.062536416
4.8724689 0.062538128
4.8731294 0.062539835
4.8737903 0.062541537
4.8744507 0.062543231
4.8751116 0.062544922
4.8757720 0.062546607
4.8764324 0.062548285
4.8770928 0.062549958
4.8777537 0.062551627
4.8784142 0.062553290
4.8790746 0.062554947
4.8797350 0.062556598
4.8803954 0.062558244
4.8810563 0.062559885
4.8817167 0.062561521
4.8823771 0.062563150
4.8830376 0.062564774
4.8836980 0.062566394
4.8843584 0.062568007
4.8850188 0.062569614
4.8856792 0.062571217
4.8863397 0.062572814
4.8870001 0.062574406
4.8876605 0.062575993
4.8883209 0.062577573
4.8889813 0.062579149
4.8896418 0.062580719
4.8903022 0.062582283
4.8909626 0.062583842
4.8916225 0.062585395
4.8922830 0.062586943
4.8929434 0.062588486
4.8936038 0.062590023
4.8942637 0.062591555
4.8949242 0.062593080
4.8955846 0.062594602
4.8962450 0.062596118
4.8969049 0.062597628
4.8975654 0.062599132
4.8982258 0.062600632
4.8988857 0.062602125
4.8995461 0.062603615
4.9002061 0.062605096
4.9008331 0.062606501
4.9014931 0.062607972
4.9021535 0.062609441
4.9028134 0.062610901
4.9034739 0.062612358
4.9041338 0.062613808
4.9047942 0.062615255
4.9054542 0.062616694
4.9061146 0.062618129
4.9067745 0.062619558
4.9074345 0.062620982
4.9080944 0.062622401
4.9087548 0.062623814
4.9094148 0.062625222
4.9100752 0.062626625
4.9107351 0.062628023
4.9113951 0.062629414
4.9120550 0.062630800
4.9127150 0.062632180
4.9133749 0.062633556
4.9140348 0.062634926
4.9146953 0.062636291
4.9153552 0.062637651
4.9160151 0.062639004
4.9166751 0.062640354
4.9173350 0.062641697
4.9179950 0.062643034
4.9186549 0.062644367
4.9193149 0.062645694
4.9199748 0.062647017
4.9206347 0.062648334
4.9212947 0.062649644
4.9219546 0.062650952
4.9225807 0.062652186
4.9232407 0.062653480
4.9239006 0.062654772
4.9245605 0.062656056
4.9252205 0.062657336
4.9258804 0.062658610
4.9265399 0.062659879
4.9271998 0.062661142
4.9278598 0.062662400
4.9285192 0.062663653
4.9291792 0.062664900
4.9298391 0.062666143
4.9304986 0.062667380
4.9311585 0.062668612
4.9318185 0.062669839
4.9324780 0.062671059
4.9331379 0.062672275
4.9337974 0.062673485
4.9344573 0.062674691
4.9351168 0.062675891
4.9357767 0.062677085
4.9364362 0.062678274
4.9370961 0.062679458
4.9377556 0.062680636
4.9384151 0.062681809
4.9390750 0.062682978
4.9397345 0.062684141
4.9403939 0.062685298
4.9410539 0.062686449
4.9417133 0.062687597
4.9423728 0.062688738
4.9430323 0.062689874
4.9436922 0.062691005
4.9443517 0.062692131
4.9450111 0.062693252
4.9456706 0.062694367
4.9463301 0.062695477
4.9469895 0.062696581
4.9476495 0.062697681
4.9483089 0.062698775
4.9489689 0.062699865
4.9496284 0.062700948
4.9502878 0.062702027
4.9509134 0.062703045
4.9515734 0.062704114
4.9522324 0.062705176
4.9528923 0.062706234
4.9535513 0.062707286
4.9542108 0.062708333
4.9548702 0.062709376
4.9555297 0.062710411
4.9561892 0.062711444
4.9568481 0.062712469
4.9575081 0.062713491
4.9581671 0.062714506
4.9588261 0.062715516
4.9594860 0.062716521
4.9601450 0.062717521
4.9608045 0.062718516
4.9614639 0.062719506
4.9621229 0.062720490
4.9627819 0.062721469
4.9634418 0.062722443
4.9641008 0.062723412
4.9647598 0.062724374
4.9654193 0.062725333
4.9660788 0.062726287
4.9667377 0.062727235
4.9673967 0.062728176
4.9680562 0.062729115
4.9687157 0.062730047
4.9693747 0.062730973
4.9700336 0.062731895
4.9706926 0.062732812
4.9713187 0.062733678
4.9719777 0.062734583
4.9726367 0.062735485
4.9732957 0.062736380
4.9739552 0.062737272
4.9746141 0.062738158
4.9752731 0.062739038
4.9759321 0.062739913
4.9765911 0.062740783
4.9772506 0.062741649
4.9779096 0.062742509
4.9785686 0.062743363
4.9792275 0.062744213
4.9798865 0.062745058
4.9805455 0.062745896
4.9812045 0.062746731
4.9818635 0.062747559
4.9825225 0.062748384
4.9831815 0.062749201
4.9838405 0.062750015
4.9844995 0.062750824
4.9851584 0.062751626
4.9858174 0.062752424
4.9864764 0.062753216
4.9871349 0.062754004
4.9877939 0.062754786
4.9884529 0.062755564
4.9891119 0.062756337
4.9897709 0.062757104
4.9904294 0.062757865
4.9910884 0.062758622
4.9917474 0.062759374
4.9924059 0.062760119
4.9930649 0.062760861
4.9937239 0.062761598
4.9943824 0.062762328
4.9950414 0.062763055
4.9956999 0.062763775
4.9963589 0.062764491
4.9970174 0.062765202
4.9976764 0.062765908
4.9983349 0.062766608
4.9989605 0.062767268
4.9996185 0.062767958
5.0002775 0.062768644
5.0009365 0.062769324
5.0015950 0.062770000
5.0022535 0.062770670
5.0029125 0.062771334
5.0035710 0.062771994
5.0042295 0.062772648
5.0048885 0.062773298
5.0055466 0.062773943
5.0062056 0.062774583
5.0068645 0.062775217
5.0075226 0.062775845
5.0081816 0.062776470
5.0088396 0.062777088
5.0094986 0.062777704
5.0101566 0.062778313
5.0108156 0.062778917
5.0114737 0.062779514
5.0121326 0.062780108
5.0127907 0.062780697
5.0134497 0.062781281
5.0141077 0.062781860
5.0147667 0.062782433
5.0154247 0.062783001
5.0160837 0.062783566
5.0167418 0.062784123
5.0173669 0.062784649
5.0180254 0.062785197
5.0186839 0.062785740
5.0193419 0.062786279
5.0200005 0.062786811
5.0206590 0.062787340
5.0213175 0.062787863
5.0219755 0.062788381
5.0226340 0.062788894
5.0232925 0.062789403
5.0239506 0.062789906
5.0246091 0.062790403
5.0252671 0.062790896
5.0259256 0.062791384
5.0265841 0.062791867
5.0272422 0.062792344
5.0279007 0.062792819
5.0285587 0.062793286
5.0292168 0.062793749
5.0298753 0.062794206
5.0305333 0.062794659
5.0311918 0.062795107
5.0318499 0.062795550
5.0325079 0.062795987
5.0331664 0.062796420
5.0338244 0.062796847
5.0344825 0.062797270
5.0351410 0.062797689
5.0357990 0.062798100
5.0364571 0.062798509
5.0371151 0.062798912
5.0377736 0.062799309
5.0384316 0.062799702
5.0390897 0.062800089
5.0397477 0.062800472
5.0404058 0.062800850
5.0410638 0.062801223
5.0417218 0.062801590
5.0423799 0.062801953
5.0430379 0.062802310
5.0436959 0.062802663
5.0443201 0.062802993
5.0449781 0.062803337
5.0456362 0.062803675
5.0462942 0.062804009
5.0469522 0.062804336
5.0476103 0.062804660
5.0482683 0.062804978
5.0489264 0.062805292
5.0495844 0.062805600
5.0502424 0.062805903
5.0509000 0.062806202
5.0515575 0.062806495
5.0522156 0.062806783
5.0528736 0.062807068
5.0535316 0.062807346
5.0541897 0.062807619
5.0548468 0.062807888
5.0555048 0.062808152
5.0561628 0.062808410
5.0568209 0.062808665
5.0574789 0.062808913
5.0581369 0.062809158
5.0587945 0.062809398
5.0594521 0.062809630
5.0601101 0.062809860
5.0607681 0.062810085
5.0614252 0.062810303
5.0620494 0.062810508
5.0627074 0.062810718
5.0633650 0.062810922
5.0640225 0.062811122
5.0646806 0.062811318
5.0653381 0.062811508
5.0659957 0.062811692
5.0666533 0.062811873
5.0673113 0.062812048
5.0679688 0.062812219
5.0686264 0.062812385
5.0692840 0.062812545
5.0699415 0.062812701
5.0705991 0.062812852
5.0712566 0.062812998
5.0719142 0.062813139
5.0725718 0.062813275
5.0732293 0.062813406
5.0738869 0.062813532
5.0745444 0.062813653
5.0752020 0.062813771
5.0758595 0.062813882
5.0765171 0.062813989
5.0771747 0.062814091
5.0778322 0.062814188
5.0784893 0.062814281
5.0791469 0.062814368
5.0798044 0.062814451
5.0804620 0.062814528
5.0811186 0.062814601
5.0817761 0.062814669
5.0824337 0.062814732
5.0830908 0.062814789
5.0837483 0.062814843
5.0844059 0.062814892
5.0850630 0.062814935
5.0857205 0.062814973
5.0863776 0.062815008
5.0870352 0.062815036
5.0876589 0.062815059
5.0883160 0.062815079
5.0889730 0.062815093
5.0896306 0.062815103
5.0902882 0.062815109
5.0909452 0.062815109
5.0916023 0.062815105
5.0922594 0.062815095
5.0929170 0.062815081
5.0935740 0.062815062
5.0942316 0.062815038
5.0948887 0.062815009
5.0955458 0.062814975
5.0962029 0.062814936
5.0968599 0.062814893
5.0975170 0.062814845
5.0981741 0.062814792
5.0988312 0.062814735
5.0994883 0.062814672
5.1001458 0.066598745
5.1008029 0.066599168
5.1014600 0.066599592
5.1021171 0.066600016
5.1027741 0.066600439
5.1034312 0.066600863
5.1040545 0.066601266
5.1047115 0.066601689
5.1053686 0.066602113
5.1060257 0.066602538
5.1066823 0.066602961
5.1073394 0.066603385
5.1079965 0.066603809
5.1086535 0.066604233
5.1093102 0.066604656
5.1099672 0.066605081
5.1106243 0.066605505
5.1112814 0.066605928
5.1119380 0.066606352
5.1125951 0.066606776
5.1132522 0.066607199
5.1139088 0.066607624
5.1145658 0.066608048
5.1152225 0.066608471
5.1158795 0.066608895
5.1165361 0.066609318
5.1171932 0.066609742
5.1178498 0.066610144
5.1185069 0.066610262
5.1191635 0.066610382
5.1198201 0.066610502
5.1204772 0.066610622
5.1211338 0.066610742
5.1217904 0.066610862
5.1224475 0.066610982
5.1231041 0.066611102
5.1237607 0.066611222
5.1244173 0.066611342
5.1250744 0.066611462
5.1257310 0.066611581
5.1263876 0.066611701
5.1270442 0.066611821
5.1277008 0.066611941
5.1283574 0.066612061
5.1289806 0.066612175
5.1296368 0.066612294
5.1302938 0.066612414
5.1309500 0.066612534
5.1316071 0.066612654
5.1322632 0.066612774
5.1329198 0.066612894
5.1335764 0.066613014
5.1342330 0.066613134
5.1348896 0.066613254
5.1355462 0.066613372
5.1362028 0.066613492
5.1368589 0.066613612
5.1375155 0.066613732
5.1381721 0.066613852
5.1388288 0.066613972
5.1394849 0.066614092
5.1401415 0.066614212
5.1407981 0.066614331
5.1414542 0.066614441
5.1421108 0.066614485
5.1427670 0.066614529
5.1434236 0.066614574
5.1440802 0.066614619
5.1447024 0.066614661
5.1453590 0.066614705
5.1460152 0.066614751
5.1466713 0.066614795
5.1473279 0.066614839
5.1479840 0.066614884
5.1486406 0.066614929
5.1492968 0.066614974
5.1499529 0.066615018
5.1506095 0.066615062
5.1512656 0.066615107
5.1519217 0.066615152
5.1525779 0.066615197
5.1532345 0.066615241
5.1538906 0.066615285
5.1545467 0.066615329
5.1552029 0.066615375
5.1558590 0.066615419
5.1565151 0.066615464
5.1571712 0.066615508
5.1578274 0.066615552
5.1584835 0.066615598
5.1591396 0.066615642
5.1597958 0.066615687
5.1604519 0.066615731
5.1611080 0.066615775
5.1617641 0.066615821
5.1624203 0.066615865
5.1630764 0.066615909
5.1637325 0.066615954
5.1643887 0.066615998
5.1650443 0.066615994
5.1657004 0.066615779
5.1663566 0.066615565
5.1670127 0.066615351
5.1676683 0.066615137
5.1683245 0.066614921
5.1689463 0.066614718
5.1696024 0.066614504
5.1702585 0.066614289
5.1709142 0.066614074
5.1715703 0.066613859
5.1722260 0.066613645
5.1728821 0.066613431
5.1735377 0.066613217
5.1741939 0.066613002
5.1748495 0.066612788
5.1755056 0.066612572
5.1761613 0.066612358
5.1768169 0.066612144
5.1774731 0.066611929
5.1781287 0.066611715
5.1787844 0.066611501
5.1794405 0.066611286
5.1800961 0.066611071
5.1807518 0.066610856
5.1814075 0.066610642
5.1820631 0.066610428
5.1827192 0.066610214
5.1833410 0.066610011
5.1839967 0.066609795
5.1846523 0.066609581
5.1853080 0.066609366
5.1859636 0.066609152
5.1866193 0.066608938
5.1872749 0.066608724
5.1879306 0.066608509
5.1885862 0.066608262
5.1892419 0.066607845
5.1898971 0.066607428
5.1905527 0.066607011
5.1912084 0.066606592
5.1918640 0.066606175
5.1925197 0.066605758
5.1931753 0.066605341
5.1938305 0.066604924
5.1944861 0.066604506
5.1951418 0.066604089
5.1957970 0.066603672
5.1964526 0.066603255
5.1971083 0.066602838
5.1977634 0.066602421
5.1984191 0.066602003
5.1990743 0.066601586
5.1997299 0.066601169
5.2003851 0.066600752
5.2010407 0.066600335
5.2016959 0.066599918
5.2023516 0.066599501
5.2030067 0.066599083
5.2036624 0.066598666
5.2043176 0.066598249
5.2049727 0.066597832
5.2056284 0.066597415
5.2062836 0.066596998
5.2069387 0.066596580
5.2075601 0.066596185
5.2082157 0.066595768
5.2088709 0.066595350
5.2095261 0.066594933
5.2101812 0.066594516
5.2108364 0.066594099
5.2114916 0.066593682
5.2121468 0.066593253
5.2128019 0.066592758
5.2134571 0.066592262
5.2141123 0.066591768
5.2147675 0.066591272
5.2154226 0.066590778
5.2160778 0.066590282
5.2167330 0.066589787
5.2173882 0.066589292
5.2180433 0.066588796
5.2186985 0.066588302
5.2193532 0.066587806
5.2200084 0.066587312
5.2206635 0.066586816
5.2212844 0.066586347
5.2219396 0.066585852
5.2225947 0.066585357
5.2232494 0.066584862
5.2239046 0.066584367
5.2245598 0.066583872
5.2252145 0.066583377
5.2258697 0.066582882
5.2265244 0.066582387
5.2271795 0.066581892
5.2278342 0.066581397
5.2284894 0.066580903
5.2291441 0.066580407
5.2297993 0.066579913
5.2304540 0.066579417
5.2311087 0.066578923
5.2317638 0.066578427
5.2324185 0.066577933
5.2330732 0.066577439
5.2337279 0.066576943
5.2343831 0.066576449
5.2350378 0.066575953
5.2356925 0.066575414
5.2363472 0.066574603
5.2370019 0.066573791
5.2376571 0.066572980
5.2383118 0.066572169
5.2389665 0.066571357
5.2396212 0.066570546
5.2402759 0.066569734
5.2409306 0.066568923
5.2415853 0.066568111
5.2422400 0.066567300
5.2428946 0.066566488
5.2435493 0.066565677
5.2441697 0.066564908
5.2448244 0.066564097
5.2454786 0.066563286
5.2461338 0.066562474
5.2467880 0.066561663
5.2474427 0.066560851
5.2480974 0.066560040
5.2487516 0.066559230
5.2494068 0.066558417
5.2500610 0.066557607
5.2507153 0.066556795
5.2513700 0.066555984
5.2520247 0.066555173
5.2526789 0.066554362
5.2533331 0.066553551
5.2539883 0.066552740
5.2546425 0.066551928
5.2552967 0.066551118
5.2559509 0.066550307
5.2566056 0.066549495
5.2572603 0.066548684
5.2578802 0.066547915
5.2585349 0.066547105
5.2591891 0.066546288
5.2598433 0.066545349
5.2604976 0.066544411
5.2611523 0.066543472
5.2618065 0.066542534
5.2624607 0.066541595
5.2631149 0.066540657
5.2637691 0.066539718
5.2644234 0.066538779
5.2650781 0.066537841
5.2657323 0.066536902
5.2663865 0.066535964
5.2670407 0.066535025
5.2676950 0.066534086
5.2683492 0.066533148
5.2690029 0.066532209
5.2696571 0.066531272
5.2703114 0.066530333
5.2703114 0.066530333
5.3083250 0.066471187
5.3724900 0.066328505
5.4349985 0.066146929
5.4960280 0.065931941
5.5557547 0.065684718
5.6143384 0.065410258
5.6718616 0.065110602
5.7283610 0.064789356
5.7838674 0.064447187
5.8384094 0.064087517
5.8920174 0.063713139
5.9447203 0.063325365
5.9965487 0.062925058
6.0475310 0.062515080
6.0976973 0.062096310
6.1470785 0.061669981
6.1957026 0.061237743
6.2436000 0.060799429
6.2908000 0.060357410
6.3373330 0.059911205
6.3832283 0.059461741
6.4285150 0.059010914
6.4732237 0.058556808
6.5173830 0.058103053
6.5610237 0.057646010
6.6041746 0.057191110
6.6468660 0.056732576
6.6891260 0.056276978
6.7309866 0.055818388
6.7724730 0.055362769
6.8135996 0.054903747
6.8543720 0.054449872
6.8947954 0.053993040
6.9348740 0.053541047
6.9746130 0.053085892
7.0140176 0.052637667
7.0530920 0.052188044
7.0918407 0.051742079
7.1302686 0.051298236
7.1683807 0.050855050
7.2061820 0.050418601
7.2436770 0.049980130
7.2808704 0.049549328
7.3177667 0.049118132
7.3543710 0.048690981
7.3906890 0.048269114
7.4267235 0.047844888
7.4624805 0.047431550
7.4979650 0.047017932
7.5331810 0.046605876
7.5681334 0.046202668
7.6028280 0.045797046
7.6372680 0.045398485
7.6714590 0.045004694
7.7054060 0.044608882
7.7391130 0.044223010
7.7725854 0.043839477
7.8058280 0.043454619
7.8388453 0.043079972
7.8716420 0.042707227
7.9042230 0.042333751
7.9365930 0.041969131
7.9687567 0.041607335
8.0007190 0.041244358
8.0324850 0.040889739
8.0640580 0.040539138
8.0954460 0.040186342
8.1266500 0.039841004
8.1576770 0.039501789
8.1885310 0.039160319
8.2192170 0.038823014
8.2497400 0.038493773
8.2801040 0.038163893
8.3103140 0.037834381
8.3403760 0.037513486
8.3702940 0.037195341
8.4000720 0.036875153
8.4297140 0.036559995
8.4592250 0.036252528
8.4886020 0.035943999
8.5178490 0.035635336
8.5469670 0.035334408
8.5759540 0.035037549
8.6048130 0.034739219
8.6335450 0.034441682
8.6621490 0.034154873
8.6906270 0.033868319
8.7189810 0.033580479
8.7472100 0.033295236
8.7753140 0.033020439
8.8032960 0.032744392
8.8311560 0.032467232
8.8588950 0.032195120
8.8865150 0.031929999
8.9140150 0.031664866
8.9413950 0.031398621
8.9686580 0.031136497
8.9958040 0.030882432
9.0228340 0.030628254
9.0497470 0.030373202
9.0765480 0.030118707
9.1032340 0.029876389
9.1298070 0.029633123
9.1562690 0.029388998
9.1826190 0.029145847
9.2088585 0.028909972
9.2349890 0.028677776
9.2610100 0.028444769
9.2869230 0.028211027
9.3127290 0.027981750
9.3384290 0.027760328
9.3640240 0.027538165
9.3895140 0.027315316
9.4149000 0.027093812
9.4401840 0.026878552
9.4653640 0.026667259
9.4904440 0.026455329
9.5154230 0.026242742
9.5403020 0.026032975
9.5650830 0.025830114
9.5897660 0.025628850
9.6143510 0.025427049
9.6388400 0.025224653
9.6632330 0.025025083
9.6875320 0.024833648
9.7117370 0.024642287
9.7358480 0.024450406
9.7598690 0.024258024
9.7837960 0.024067403
9.8076330 0.023886236
9.8313810 0.023704614
9.8550400 0.023522475
9.8786100 0.023339908
9.9020930 0.023157582
9.9254890 0.022985254
9.9488010 0.022813035
9.9720270 0.022640474
9.9951690 0.022467569
10.0182280 0.022294137
10.0412040 0.022127833
10.0641000 0.021964842
10.0869140 0.021801546
10.1096480 0.021637880
10.1323030 0.021473859
10.1548810 0.021312258
10.1773800 0.021156739
10.1998030 0.021002490
10.2221510 0.020847817
10.2444230 0.020692811
10.2666210 0.020537468
10.2887460 0.020386582
10.3107990 0.020240453
10.3327790 0.020094565
10.3546900 0.019948302
10.3765300 0.019801743
10.3983000 0.019655480
10.4200030 0.019512860
10.4416380 0.019375299
10.4632050 0.019237460
10.4847090 0.019099202
10.5061460 0.018960701
10.5275190 0.018821951
10.5488280 0.018687677
10.5700760 0.018557203
10.5912610 0.018427101
10.6123850 0.018296742
10.6334500 0.018166100
10.6544550 0.018035132
10.6754020 0.017906210
10.6962910 0.017782920
10.7171230 0.017660257
10.7378990 0.017537281
10.7586190 0.017414035
10.7792860 0.017290549
10.7999000 0.017167780
10.8204590 0.017049004
10.8409670 0.016933403
10.8614220 0.016817478
10.8818230 0.016701331
10.9021720 0.016584973
10.9427150 0.016353460
10.9629080 0.016243336
10.9830500 0.016134334
11.0031410 0.016025123
11.0231800 0.015915647
11.0431690 0.015805982
11.0631070 0.015696145
11.0829940 0.015587856
11.1028310 0.015485370
11.1226180 0.015382823
11.1423530 0.015280047
11.1620410 0.015177098
11.2012650 0.014970857
11.2208040 0.014868236
11.2402930 0.014772025
11.2597340 0.014675715
11.2791270 0.014579212
11.2984700 0.014482540
11.3177650 0.014385726
11.3370130 0.014288747
11.3562130 0.014192170
11.3753640 0.014100274
11.3944680 0.014009978
11.4135270 0.013919543
11.4325350 0.013828928
11.4515000 0.013738124
11.4704150 0.013647184
11.4892850 0.013556269
11.5081100 0.013467268
11.5268880 0.013382766
11.5643060 0.013213150
11.5829470 0.013128205
11.6015410 0.013043161
11.6200910 0.012957973
11.6570580 0.012791246
11.6754740 0.012711772
11.6938460 0.012632565
11.7121730 0.012553217
11.7304570 0.012473656
11.7486970 0.012394044
11.7668930 0.012314362
11.7850470 0.012234535
11.8031570 0.012158754
11.8572290 0.011936035
11.8751680 0.011861794
11.8930660 0.011787382
11.9109210 0.011712903
11.9287340 0.011638661
12.0347480 0.011219803
12.0522750 0.011150335
12.0872070 0.011011472
12.1046130 0.010945885
12.1393070 0.010817197
12.1565950 0.010752624
12.1910530 0.010623338
12.2424540 0.010430607
12.2595100 0.010369145
12.2765290 0.010309187
12.3273600 0.010129040
12.3778570 0.009948268
12.3946170 0.009888242
12.4113400 0.009831687
12.5273990 0.009440289
12.5602440 0.009330669
12.5766140 0.009278523
12.6255230 0.009122932
12.8656340 0.008379470
12.8813900 0.008334057
12.8971140 0.008289505
12.9128080 0.008244901
12.9441070 0.008155533
12.9597120 0.008110785
13.0063500 0.007976250
13.0218390 0.007931699
13.0372980 0.007887962
13.0527290 0.007846665
13.0681320 0.007805318
13.0835070 0.007763961
13.1141720 0.007681058
13.1294630 0.007639584
13.1447280 0.007598005
13.2206460 0.007395751
13.2809090 0.007242273
13.3407660 0.007088226
13.3556690 0.007050119
13.3705460 0.007013233
13.3854010 0.006977817
13.4002300 0.006942331
13.4740280 0.006764434
13.4887170 0.006728736
13.5033850 0.006693013
13.5180290 0.006657346
13.5618310 0.006556829
13.5763890 0.006523988
13.6054400 0.006458124
13.6344050 0.006392136
13.6488570 0.006359101
13.6632900 0.006326002
13.6777000 0.006292878
13.6920910 0.006259727
13.7064630 0.006228639
13.7208160 0.006197930
13.7780280 0.006076071
13.8632920 0.005892704
13.8915710 0.005834821
13.9056840 0.005806678
13.9619710 0.005693660
13.9760020 0.005665348
